  3 28 28 37.39 41.26 42.85 21960 0.00 0.00 0.00     0 37.01 41.00 42.53 11336     0 0.951
  3 28 28 37.39 41.26 42.85 21960 0.00 0.00 0.00     0 37.01 41.00 42.53 11336     0 7.106
  3 28 28 37.39 41.26 42.85 21960 0.00 0.00 0.00     0 37.01 41.00 42.53 11336     0 1.845
  3 28 28 37.39 41.26 42.85 21960 0.00 0.00 0.00     0 37.01 41.00 42.53 11336     0 3.956
  3 28 28 37.39 41.26 42.85 21960 0.00 0.00 0.00     0 37.01 41.00 42.53 11336     0 3.207
  3 28 28 37.39 41.26 42.85 21960 0.00 0.00 0.00     0 37.01 41.00 42.53 11336     0 222.835
  3 28 28 37.39 41.26 42.85 21960 0.00 0.00 0.00     0 37.01 41.00 42.53 11336     0 1.778
  3 28 28 37.39 41.26 42.85 21960 0.00 0.00 0.00     0 37.01 41.00 42.53 11336     0 11.299
  3 28 28 37.39 41.26 42.85 21960 0.00 0.00 0.00     0 37.01 41.00 42.53 11336     0 384.748
  3 28 28 37.39 41.26 42.85 21960 0.00 0.00 0.00     0 37.01 41.00 42.53 11336     0 4.973
  3 28 28 37.39 41.26 42.85 21960 0.00 0.00 0.00     0 37.01 41.00 42.53 11336     0 2.544
  3 28 28 37.39 41.26 42.85 21960 0.00 0.00 0.00     0 37.01 41.00 42.53 11336     0 1.800
  3 28 28 37.39 41.26 42.85 21960 0.00 0.00 0.00     0 37.01 41.00 42.53 11336     0 1.911
  3 28 28 37.39 41.26 42.85 21960 0.00 0.00 0.00     0 37.01 41.00 42.53 11336     0 1.763
  3 28 28 37.39 41.26 42.85 21960 0.00 0.00 0.00     0 37.01 41.00 42.53 11336     0 1.753
  3 28 28 37.39 41.26 42.85 21960 0.00 0.00 0.00     0 37.01 41.00 42.53 11336     0 1.783
  3 28 28 37.38 41.26 42.85 21952 0.00 0.00 0.00     0 37.03 41.08 42.75  9701     0 4.003
  3 28 28 37.38 41.26 42.85 21952 0.00 0.00 0.00     0 37.03 41.08 42.75  9701     0 2.010
  3 28 28 37.38 41.26 42.85 21952 0.00 0.00 0.00     0 37.03 41.08 42.75  9701     0 1.803
 10 28 28 37.38 41.26 42.85 21952 0.00 0.00 0.00     0 36.82 40.89 42.43  5972     0 40.987
  3 28 28 37.38 41.26 42.85 21952 0.00 0.00 0.00     0 37.03 41.08 42.75  9701     0 1.833
  3 28 28 37.38 41.26 42.85 21952 0.00 0.00 0.00     0 37.03 41.08 42.75  9701     0 3.975
  3 28 28 37.38 41.26 42.85 21952 0.00 0.00 0.00     0 37.03 41.08 42.75  9701     0 2.841
  3 28 28 37.38 41.26 42.85 21952 0.00 0.00 0.00     0 37.03 41.08 42.75  9701     0 1.873
  3 28 28 37.38 41.26 42.85 21952 0.00 0.00 0.00     0 37.03 41.08 42.75  9701     0 1.806
  3 28 28 37.38 41.26 42.85 21952 0.00 0.00 0.00     0 37.03 41.08 42.75  9701     0 1.801
  3 28 28 37.38 41.26 42.85 21952 0.00 0.00 0.00     0 37.03 41.08 42.75  9701     0 2.559
  3 28 28 36.92 41.25 42.86 31232 0.00 0.00 0.00     0 36.56 41.09 42.70 14466     0 4.635
  3 28 28 38.15 41.27 42.85  6792 0.00 0.00 0.00     0 37.58 41.08 42.65  3669     0 1.754
  3 28 28 38.15 41.27 42.85  6792 0.00 0.00 0.00     0 37.58 41.08 42.65  3669     0 2.043
  3 28 28 37.38 41.26 42.85 21952 0.00 0.00 0.00     0 37.03 41.08 42.75  9701     0 12.213
 10 28 28 37.38 41.26 42.85 21952 0.00 0.00 0.00     0 36.82 40.89 42.43  5972     0 3.745
 10 28 28 37.38 41.26 42.85 21952 0.00 0.00 0.00     0 36.82 40.89 42.43  5972     0 3.460
  3 28 28 37.38 41.26 42.85 21952 0.00 0.00 0.00     0 37.03 41.08 42.75  9701     0 1.792
  3 28 28 37.38 41.26 42.85 21952 0.00 0.00 0.00     0 37.03 41.08 42.75  9701     0 1.796
  3 28 28 37.38 41.26 42.85 21952 0.00 0.00 0.00     0 37.03 41.08 42.75  9701     0 1.830
  3 28 28 37.38 41.26 42.85 21952 0.00 0.00 0.00     0 37.03 41.08 42.75  9701     0 1.831
  3 28 28 37.38 41.26 42.85 21952 0.00 0.00 0.00     0 37.03 41.08 42.75  9701     0 1.822
  3 28 28 37.38 41.26 42.85 21952 0.00 0.00 0.00     0 37.03 41.08 42.75  9701     0 1.814
  3 50 50 22.71 35.73 36.47  2424 0.00 0.00 0.00     0 22.55 35.57 36.31   936     0 0.957
  3 10 10 51.89 51.78 52.45 96304 0.00 0.00 0.00     0 50.66 50.94 51.70 61986     0 4.038
  3 28 28 37.38 41.26 42.85 21952 0.00 0.00 0.00     0 37.05 41.10 42.75  9760     0 4.196
  3 28 28 37.38 41.26 42.85 21952 0.00 0.00 0.00     0 37.03 41.08 42.75  9701     0 1.817
  3 28 28 37.38 41.26 42.85 21952 0.00 0.00 0.00     0 37.05 41.10 42.75  9760     0 1.825
  3 28 28 37.38 41.26 42.85 21952 0.00 0.00 0.00     0 36.87 41.02 42.71 10144     0 1.831
  3 28 28 37.38 41.26 42.85 21952 0.00 0.00 0.00     0 36.40 40.96 42.41 14122     0 1.924
  3 28 28 37.38 41.26 42.85 21952 0.00 0.00 0.00     0 37.03 41.08 42.75  9701     0 1.798
  3 28 28 37.38 41.26 42.85 21952 0.00 0.00 0.00     0 36.87 41.02 42.71 10144     0 1.871
  3 28 28 37.38 41.26 42.85 21952 0.00 0.00 0.00     0 36.87 41.02 42.71 10144     0 61.274
  3 28 28 37.38 41.26 42.85 21952 0.00 0.00 0.00     0 37.03 41.08 42.75  9701     0 3.036
  3 28 28 37.38 41.26 42.85 21952 0.00 0.00 0.00     0 36.40 40.96 42.41 14122     0 5.929
  3 28 28 37.38 41.26 42.85 21952 0.00 0.00 0.00     0 36.40 40.96 42.41 14122     0 6.445
  3 28 28 37.38 41.26 42.85 21952 0.00 0.00 0.00     0 36.40 40.96 42.41 14122     0 2.508
  3 28 28 37.38 41.26 42.85 21952 0.00 0.00 0.00     0 37.03 41.08 42.75  9701     0 2.717
  3 28 28 37.38 41.26 42.85 21952 0.00 0.00 0.00     0 37.03 41.08 42.75  9701     0 2.710
  3 28 28 37.38 41.26 42.85 21952 0.00 0.00 0.00     0 36.40 40.96 42.41 14122     0 2.968
  3 28 28 37.38 41.26 42.85 21952 0.00 0.00 0.00     0 35.96 40.84 42.28 14250     0 2.956
  3 28 28 37.38 41.26 42.85 21952 0.00 0.00 0.00     0 36.52 41.08 42.79 10293     0 2.802
  3 28 28 37.38 41.26 42.85 21952 0.00 0.00 0.00     0 36.40 40.96 42.41 14122     0 1.980
  3 28 28 37.38 41.26 42.85 21952 0.00 0.00 0.00     0 36.29 40.94 42.45 14258     0 1.980
  3 28 28 37.38 41.26 42.85 21952 0.00 0.00 0.00     0 36.29 40.94 42.45 14258     0 2.051
  3 28 28 37.38 41.26 42.85 21952 0.00 0.00 0.00     0 36.29 40.94 42.45 14258     0 5.617
  3 28 28 37.38 41.26 42.85 21952 0.00 0.00 0.00     0 35.99 40.88 42.28 13861     0 2.054
  3 28 28 37.38 41.26 42.85 21952 0.00 0.00 0.00     0 37.03 41.08 42.75  9701     0 3.030
  3 28 28 37.38 41.26 42.85 21952 0.00 0.00 0.00     0 36.73 41.11 42.76 10304     0 1.961
  3 28 28 37.38 41.26 42.85 21952 0.00 0.00 0.00     0 36.74 41.08 42.73 10421     0 1.935
  3 28 28 37.38 41.26 42.85 21952 0.00 0.00 0.00     0 35.99 40.88 42.28 13861     0 2.032
  3 28 28 37.38 41.26 42.85 21952 0.00 0.00 0.00     0 35.99 40.88 42.28 13861     0 32.397
  3 28 28 37.38 41.26 42.85 21952 0.00 0.00 0.00     0 36.32 40.65 42.12 18488     0 2.249
  3 28 28 37.38 41.26 42.85 21952 0.00 0.00 0.00     0 36.46 40.61 42.24 19960     0 2.278
  3 28 28 37.38 41.26 42.85 21952 0.00 0.00 0.00     0 35.99 40.88 42.28 13861     0 3.399
  3 28 28 37.38 41.26 42.85 21952 0.00 0.00 0.00     0 35.99 40.88 42.28 13861     0 2.282
  3 28 28 37.38 41.26 42.85 21952 0.00 0.00 0.00     0 36.23 40.72 42.22 16754     0 2.960
  3 28 28 37.38 41.26 42.85 21952 0.00 0.00 0.00     0 36.46 40.61 42.24 19960     0 2.315
  3 28 28 37.38 41.26 42.85 21952 0.00 0.00 0.00     0 36.46 40.61 42.24 19960     0 4.654
  3 28 28 37.38 41.26 42.85 21952 0.00 0.00 0.00     0 36.46 40.61 42.24 19960     0 203.094
  3 28 28 37.38 41.26 42.85 21952 0.00 0.00 0.00     0 36.46 40.61 42.24 19960     0 2.928
  3 28 28 37.38 41.26 42.85 21952 0.00 0.00 0.00     0 36.50 40.61 42.19 20072     0 2.434
  3 28 28 37.38 41.26 42.85 21952 0.00 0.00 0.00     0 36.50 40.61 42.19 20072     0 3.287
  3 28 28 37.38 41.26 42.85 21952 0.00 0.00 0.00     0 37.03 41.08 42.75  9701     0 1.900
  3 28 28 37.38 41.26 42.85 21952 0.00 0.00 0.00     0 36.73 41.11 42.76 10304     0 1.889
  3 28 28 37.38 41.26 42.85 21952 0.00 0.00 0.00     0 37.03 41.08 42.75  9701     0 1.882
  3 28 28 37.38 41.26 42.85 21952 0.00 0.00 0.00     0 36.73 41.11 42.76 10304     0 1.915
  3 28 28 37.38 41.26 42.85 21952 0.00 0.00 0.00     0 36.73 41.11 42.76 10304     0 12.924
  3 28 28 37.38 41.26 42.85 21952 0.00 0.00 0.00     0 36.73 41.11 42.76 10304     0 1.915
  3 28 28 37.38 41.26 42.85 21952 0.00 0.00 0.00     0 36.73 41.11 42.76 10304     0 2.028
  3 28 28 37.38 41.26 42.85 21952 0.00 0.00 0.00     0 36.73 41.11 42.76 10304     0 1.924
  3 28 28 37.38 41.26 42.85 21952 0.00 0.00 0.00     0 36.73 41.11 42.76 10304     0 2.111
  3 28 28 37.38 41.26 42.85 21952 0.00 0.00 0.00     0 36.73 41.11 42.76 10304     0 2.843
  3 28 28 37.38 41.26 42.85 21952 0.00 0.00 0.00     0 37.03 41.08 42.75  9701     0 2.874
  3 28 28 37.38 41.26 42.85 21952 0.00 0.00 0.00     0 36.73 41.11 42.76 10304     0 2.147
  3 28 28 37.38 41.26 42.85 21952 0.00 0.00 0.00     0 36.55 41.09 42.78 10813     0 3.305
  3 28 28 37.38 41.26 42.85 21952 0.00 0.00 0.00     0 37.03 41.07 42.73  9733     0 2.178
  3 28 28 37.38 41.26 42.85 21952 0.00 0.00 0.00     0 37.04 41.06 42.73  9741     0 2.143
  3 28 28 37.38 41.26 42.85 21952 0.00 0.00 0.00     0 37.03 41.08 42.75  9701     0 74.480
  3 28 28 37.38 41.26 42.85  7368 0.00 0.00 0.00     0 37.05 41.09 42.70  3813     0 1.850
  3 28 28 37.37 41.26 42.85 16136 0.00 0.00 0.00     0 37.09 41.13 42.75  7506     0 1.975
  3 28 28 36.92 41.25 42.86 31232 0.00 0.00 0.00     0 36.46 40.98 42.47 15384     0 2.387
  3 28 28 36.92 41.25 42.86 31232 0.00 0.00 0.00     0 36.46 40.98 42.47 15384     0 2.371
  3 28 28 37.38 41.26 42.85 21952 0.00 0.00 0.00     0 37.03 41.08 42.75  9701     0 1.931
  3 28 28 37.35 41.26 42.90 25144 0.00 0.00 0.00     0 36.95 41.19 42.83 11064     0 1.997
  3 28 28 37.38 41.26 42.85 21896 0.00 0.00 0.00     0 37.05 41.07 42.75  9698     0 5.128
  3 28 28 37.38 41.26 42.85 21952 0.00 0.00 0.00     0 37.03 41.08 42.75  9701     0 2.018
  3 28 28 37.38 41.26 42.85 21896 0.00 0.00 0.00     0 37.05 41.07 42.75  9698     0 1.991
  3 28 28 37.38 41.26 42.85 21952 0.00 0.00 0.00     0 37.03 41.08 42.75  9701     0 4.661
  3 28 28 37.38 41.26 42.85 21944 0.00 0.00 0.00     0 37.02 41.14 42.75  9704     0 2.576
  3 28 28 37.38 41.26 42.85 21896 0.00 0.00 0.00     0 37.03 41.08 42.75  9674     0 2.573
  3 28 28 37.38 41.26 42.85 21896 0.00 0.00 0.00     0 37.03 41.08 42.75  9682     0 2.975
  3 28 28 37.38 41.26 42.85 21896 0.00 0.00 0.00     0 37.03 41.08 42.75  9674     0 2.716
 10 28 28 37.38 41.26 42.85 21896 0.00 0.00 0.00     0 36.82 40.89 42.43  5956     0 3.777
 10 28 28 37.38 41.26 42.85 21896 0.00 0.00 0.00     0 36.82 40.89 42.43  5965     0 4.239
 10 28 28 37.38 41.26 42.85 21944 0.00 0.00 0.00     0 36.80 40.85 42.33  5906     0 3.707
 10 28 28 37.38 41.26 42.85 21952 0.00 0.00 0.00     0 36.82 40.89 42.43  5972     0 3.972
 10 28 28 37.38 41.26 42.85 21952 0.00 0.00 0.00     0 36.82 40.89 42.43  5972     0 3.756
 10 28 28 37.38 41.27 42.85 21968 0.00 0.00 0.00     0 36.79 40.84 42.40  5946     0 3.593
 10 28 28 37.38 41.26 42.85 21960 0.00 0.00 0.00     0 36.82 40.89 42.43  5972     0 3.513
 10 28 28 37.38 41.26 42.85 21960 0.00 0.00 0.00     0 36.82 40.89 42.43  5972     0 3.771
 10 28 28 37.38 41.26 42.85 21968 0.00 0.00 0.00     0 36.82 40.89 42.43  5974     0 3.908
 10 28 28 37.38 41.26 42.85 21952 0.00 0.00 0.00     0 36.82 40.89 42.43  5972     0 4.040
 10 28 28 37.38 41.26 42.85 21968 0.00 0.00 0.00     0 36.82 40.89 42.43  5973     0 3.898
 10 28 28 37.38 41.26 42.85 21968 0.00 0.00 0.00     0 36.82 40.89 42.43  5974     0 4.295
 10 28 28 37.39 41.27 42.85 31032 0.00 0.00 0.00     0 36.83 40.86 42.36  6965     0 5.333
 10 28 28 37.39 41.27 42.85 36848 0.00 0.00 0.00     0 36.83 40.86 42.36  7596     0 4.861
 10 24 24 40.10 42.98 44.91 30928 0.00 0.00 0.00     0 39.39 42.61 44.53  9384     0 3.754
 10 24 24 40.10 42.98 44.91 31000 0.00 0.00 0.00     0 39.38 42.58 44.50  9376     0 3.665
 10 24 24 40.10 42.98 44.91 31000 0.00 0.00 0.00     0 39.38 42.58 44.50  9376     0 3.693
 10 24 24 40.10 42.98 44.91 31016 0.00 0.00 0.00     0 39.38 42.58 44.50  9378     0 3.731
 10 24 24 40.10 42.98 44.91 31120 0.00 0.00 0.00     0 39.38 42.58 44.50  9388     0 4.970
 10 28 28 37.38 41.27 42.85 22192 0.00 0.00 0.00     0 36.81 40.90 42.40  5974     0 3.392
 10 24 24 40.10 42.98 44.91 31136 0.00 0.00 0.00     0 39.39 42.61 44.53  9402     0 3.798
 10 24 24 40.10 42.98 44.91 31088 0.00 0.00 0.00     0 39.39 42.61 44.53  9397     0 3.740
 10 24 24 40.10 42.98 44.91 31120 0.00 0.00 0.00     0 39.38 42.58 44.50  9388     0 4.290
 10 24 24 40.10 42.98 44.91 30928 0.00 0.00 0.00     0 39.39 42.61 44.53  9384     0 4.568
  3 24 24 40.10 42.98 44.91 30952 0.00 0.00 0.00     0 39.57 42.76 44.91 14520     0 2.413
  3 24 24 40.10 42.98 44.91 30928 0.00 0.00 0.00     0 39.57 42.76 44.91 14512     0 2.430
  3 24 24 40.10 42.98 44.91 31080 0.00 0.00 0.00     0 39.57 42.76 44.91 14562     0 2.368
  3 24 24 40.10 42.98 44.91 31000 0.00 0.00 0.00     0 39.58 42.75 44.89 14578     0 2.286
  3 24 24 40.10 42.98 44.91 31112 0.00 0.00 0.00     0 39.58 42.75 44.89 14616     0 3.786
  3 24 24 40.10 42.98 44.91 31136 0.00 0.00 0.00     0 39.57 42.76 44.91 14581     0 2.418
  3 24 24 40.10 42.98 44.91 31120 0.00 0.00 0.00     0 39.57 42.76 44.91 14576     0 2.410
  3 24 24 40.10 42.98 44.91 31128 0.00 0.00 0.00     0 39.57 42.76 44.91 14578     0 2.394
  3 24 24 40.10 42.98 44.91 31080 0.00 0.00 0.00     0 39.57 42.76 44.91 14562     0 2.432
  3 24 24 40.10 42.98 44.91 31080 0.00 0.00 0.00     0 40.13 43.02 45.05 31245     0 2.457
 10 24 24 40.10 42.98 44.91 31016 0.00 0.00 0.00     0 40.09 43.02 45.05 31955     0 2.797
 10 24 24 40.10 42.98 44.91 31096 0.00 0.00 0.00     0 40.09 43.02 45.05 31978     0 2.295
 10 24 24 40.10 42.98 44.91 31016 0.00 0.00 0.00     0 40.09 43.02 45.05 31955     0 2.114
 10 24 24 40.10 42.98 44.91 31016 0.00 0.00 0.00     0 40.09 43.02 45.05 31955     0 2.559
 10 24 24 40.10 42.98 44.91 33624 0.00 0.00 0.00     0 40.09 43.02 45.05 34345     0 2.070
 10 24 24 40.10 42.98 44.91 30488 0.00 0.00 0.00     0 40.09 43.02 45.05 31434     0 2.032
 10 24 24 40.10 42.98 44.91 30192 0.00 0.00 0.00     0 40.09 43.02 45.05 31062     0 2.011
 10 24 24 40.10 42.98 44.91 31120 0.00 0.00 0.00     0 40.09 43.02 45.05 32033     0 5.061
 10 24 24 40.10 42.98 44.91 31016 0.00 0.00 0.00     0 40.09 43.02 45.05 31955     0 2.012
 10 24 24 40.10 42.98 44.91 31128 0.00 0.00 0.00     0 40.09 43.02 45.05 32018     0 5.269
 10 24 24 40.10 42.98 44.91 31000 0.00 0.00 0.00     0 40.09 43.02 45.05 31932     0 2.061
 10 24 24 40.10 42.98 44.91 31016 0.00 0.00 0.00     0 40.09 43.02 45.05 31931     0 2.049
 10 24 24 40.10 42.98 44.91 30984 0.00 0.00 0.00     0 40.09 43.02 45.05 31942     0 2.049
 10 24 24 40.10 42.98 44.91 30960 0.00 0.00 0.00     0 40.09 43.02 45.05 31932     0 1.990
 10 28 28 37.38 41.26 42.85 21936 0.00 0.00 0.00     0 37.32 41.20 42.81 22227     0 1.684
 10 24 24 40.10 42.98 44.91 31016 0.00 0.00 0.00     0 40.09 43.02 45.05 31955     0 2.043
 10 24 24 40.10 42.98 44.91 31016 0.00 0.00 0.00     0 40.09 43.02 45.05 31955     0 1.968
 10 24 24 40.10 42.98 44.91 31016 0.00 0.00 0.00     0 40.09 43.02 45.05 31955     0 2.018
 10 24 24 40.10 42.98 44.91 30192 0.00 0.00 0.00     0 40.09 43.02 45.05 31062     0 1.991
 10 24 24 40.10 42.98 44.91 31016 0.00 0.00 0.00     0 40.09 43.02 45.05 31955     0 2.033
 10 24 24 40.10 42.98 44.91 31016 0.00 0.00 0.00     0 40.09 43.02 45.05 31955     0 2.513
 10 24 24 40.10 42.98 44.91 31016 0.00 0.00 0.00     0 40.09 43.02 45.05 31955     0 2.044
 10 24 24 40.10 42.98 44.91 30960 0.00 0.00 0.00     0 40.09 43.02 45.05 31932     0 2.013
 10 24 24 40.10 42.98 44.91 31088 0.00 0.00 0.00     0 40.09 43.02 45.05 32004     0 2.014
 10 24 24 40.10 42.98 44.91 30192 0.00 0.00 0.00     0 40.09 43.02 45.05 31062     0 2.028
 10 24 24 40.10 42.98 44.91 31016 0.00 0.00 0.00     0 40.09 43.02 45.05 31955     0 2.016
 10 24 24 40.10 42.98 44.91 30928 0.00 0.00 0.00     0 40.09 43.02 45.05 31862     0 2.019
 10 24 24 40.10 42.98 44.91 31008 0.00 0.00 0.00     0 40.09 43.02 45.05 31952     0 2.000
 10 24 24 40.10 42.98 44.91 30960 0.00 0.00 0.00     0 40.09 43.02 45.05 31858     0 2.013
 10 24 24 40.10 42.98 44.91 30960 0.00 0.00 0.00     0 40.09 43.02 45.05 31932     0 2.022
 10 24 24 40.10 42.98 44.91 30960 0.00 0.00 0.00     0 39.38 42.58 44.50  9372     0 3.834
 10 24 24 40.10 42.98 44.91 31088 0.00 0.00 0.00     0 39.55 42.77 44.74 11697     0 3.678
 10 24 24 39.79 42.96 44.81 42312 0.00 0.00 0.00     0 39.74 43.01 45.03 42768     0 2.799
 10 28 28 37.39 41.27 42.85 36848 0.00 0.00 0.00     0 37.32 41.21 42.81 37106     0 1.538
 10 28 28 37.39 41.27 42.85 36848 0.00 0.00 0.00     0 37.32 41.21 42.81 37106     0 1.656
 10 28 28 37.39 41.27 42.85 36848 0.00 0.00 0.00     0 37.32 41.21 42.81 37106     0 1.655
 10 28 28 5.04 41.27 42.85 42192 0.00 0.00 0.00     0 4.99 41.20 42.81 42627     0 1.857
 10 28 28 34.51 41.26 42.85 36216 0.00 0.00 0.00     0 34.42 41.19 42.81 37298     0 1.669
 10 28 28 34.51 41.26 42.85 36208 0.00 0.00 0.00     0 34.43 41.19 42.81 37279     0 1.690
 10 28 28 35.25 41.27 42.85 21840 0.00 0.00 0.00     0 35.19 41.20 42.81 22510     0 1.585
 10 28 28 37.17 41.26 42.85 21728 0.00 0.00 0.00     0 37.13 41.20 42.81 22192     0 1.644
 10 28 28 37.17 41.26 42.85 21728 0.00 0.00 0.00     0 37.13 41.20 42.81 22192     0 1.704
 10 28 28 37.17 41.26 42.85 21728 0.00 0.00 0.00     0 37.13 41.20 42.81 22192     0 1.655
 10 28 28 37.17 41.26 42.85 21728 0.00 0.00 0.00     0 37.13 41.20 42.81 22192     0 1.843
 10 28 28 37.17 41.26 42.85 21728 0.00 0.00 0.00     0 37.13 41.20 42.81 22192     0 1.789
 10 28 28 37.17 41.26 42.85 21728 0.00 0.00 0.00     0 37.13 41.20 42.81 22192     0 2.843
 10 28 28 37.17 41.26 42.85 21728 0.00 0.00 0.00     0 37.13 41.20 42.81 22192     0 2.425
 10 28 28 37.33 41.26 42.85 21944 0.00 0.00 0.00     0 37.27 41.20 42.81 22225     0 2.491
 10 28 28 37.33 41.26 42.85 21944 0.00 0.00 0.00     0 37.27 41.20 42.81 22225     0 2.762
 10 28 28 37.33 41.26 42.85 21944 0.00 0.00 0.00     0 37.27 41.20 42.81 22225     0 2.274
 10 28 28 37.17 41.26 42.85 21728 0.00 0.00 0.00     0 37.13 41.20 42.81 22192     0 3.062
 10 28 28 37.33 41.26 42.85 21944 0.00 0.00 0.00     0 37.27 41.20 42.81 22225     0 3.538
 10 28 28 37.33 41.26 42.85 21944 0.00 0.00 0.00     0 37.27 41.20 42.81 22225     0 2.356
 10 28 28 37.33 41.26 42.85 21944 0.00 0.00 0.00     0 37.27 41.20 42.81 22225     0 2.223
 10 28 28 37.33 41.26 42.85 21944 0.00 0.00 0.00     0 37.27 41.20 42.81 22225     0 2.699
 10 28 28 37.17 41.26 42.85 21728 0.00 0.00 0.00     0 37.13 41.20 42.81 22192     0 2.656
 10 28 28 37.17 41.26 42.85 21728 0.00 0.00 0.00     0 37.13 41.20 42.81 22192     0 2.791
 10 28 28 37.33 41.26 42.85 21944 0.00 0.00 0.00     0 37.27 41.20 42.81 22225     0 2.560
 10 28 28 37.28 41.26 42.85 21872 0.00 0.00 0.00     0 37.23 41.20 42.81 22182     0 3.041
 10 28 28 36.75 41.26 42.85 22072 0.00 0.00 0.00     0 36.68 41.20 42.81 22328     0 2.497
 10 28 28 36.90 41.27 42.85 21840 0.00 0.00 0.00     0 36.84 41.20 42.81 22305     0 2.868
 10 28 28 37.32 41.26 42.85 21944 0.00 0.00 0.00     0 37.25 41.20 42.81 22204     0 2.800
 10 28 28 36.52 41.27 42.85 21952 0.00 0.00 0.00     0 36.45 41.20 42.82 22368     0 3.155
 10 24 24 39.21 42.98 44.91 31032 0.00 0.00 0.00     0 39.16 43.02 45.05 32144     0 3.401
 10 24 24 39.14 42.98 44.91 33512 0.00 0.00 0.00     0 39.12 43.01 45.05 34685     0 3.046
 10 24 24 39.89 42.93 44.93 31024 0.00 0.00 0.00     0 39.89 43.01 45.05 31962     0 4.042
 10 24 24 39.90 42.98 44.91 31016 0.00 0.00 0.00     0 39.90 43.02 45.05 31961     0 2.914
 10 24 24 39.76 42.98 44.91 31072 0.00 0.00 0.00     0 39.71 43.02 45.05 32052     0 3.811
 10 24 24 39.45 42.98 44.91 31232 0.00 0.00 0.00     0 39.42 43.02 45.04 32150     0 3.106
  5 24 24 39.49 42.98 44.91 31584 0.00 0.00 0.00     0 39.47 43.02 45.06 31944     0 3.021
  5 24 24 39.97 42.98 44.91 31008 0.00 0.00 0.00     0 40.00 43.03 45.07 31460     0 3.004
  5 24 24 39.96 42.98 44.91 31040 0.00 0.00 0.00     0 39.99 43.03 45.07 31417     0 2.674
  5 24 24 40.02 42.98 44.91 31080 0.00 0.00 0.00     0 40.05 43.02 45.06 31451     0 2.799
  5 24 24 40.02 42.98 44.91 31080 0.00 0.00 0.00     0 40.05 43.02 45.06 31451     0 3.285
  5 24 24 39.76 42.98 44.91 31072 0.00 0.00 0.00     0 39.75 43.03 45.07 31550     0 2.927
  5 24 24 39.45 42.98 44.91 31232 0.00 0.00 0.00     0 39.47 43.02 45.06 31526     0 2.843
  5 24 24 39.45 42.98 44.91 31232 0.00 0.00 0.00     0 39.47 43.02 45.06 31526     0 3.116
  5 24 24 39.45 42.98 44.91 31232 0.00 0.00 0.00     0 39.47 43.02 45.06 31526     0 3.434
  5 28 28 37.38 41.26 42.85 21952 0.00 0.00 0.00     0 37.38 41.27 42.85 21955     0 1.879
 20 28 28 37.38 41.26 42.85 21952 0.00 0.00 0.00     0 37.20 41.17 42.84 22834     0 2.046
 20 28 28 37.33 41.27 42.85 21856 0.00 0.00 0.00     0 37.15 41.17 42.84 22827     0 2.306
 20 28 28 36.77 41.26 42.85 21944 0.00 0.00 0.00     0 36.57 41.16 42.83 22924     0 2.345
 20 28 28 36.94 41.26 42.85 21872 0.00 0.00 0.00     0 36.71 41.17 42.83 22903     0 2.266
  5 28 28 36.61 41.27 42.85 22040 0.00 0.00 0.00     0 36.61 41.26 42.85 22046     0 4.545
  5 24 24 39.21 42.98 44.91 30952 0.00 0.00 0.00     0 39.27 43.02 45.06 31518     0 11.114
  5 24 24 39.21 42.98 44.91 30952 0.00 0.00 0.00     0 39.27 43.02 45.06 31518     0 11.186
  5 24 24 39.51 42.98 44.91 31160 0.00 0.00 0.00     0 39.45 43.02 45.06 31459     0 6.104
  5 24 24 39.82 42.98 44.91 31016 0.00 0.00 0.00     0 39.84 43.01 45.07 31392     0 3.347
  5 24 24 40.10 42.98 44.91 31016 0.00 0.00 0.00     0 40.13 43.03 45.07 31452     0 3.779
  5 24 24 39.82 42.98 44.91 31016 0.00 0.00 0.00     0 39.84 43.01 45.07 31392     0 3.745
  3 28 28 37.38 41.26 42.85 21952 0.00 0.00 0.00     0 37.36 41.30 42.95 21834     0 4.003
  3 28 28 37.17 41.26 42.85 21728 0.00 0.00 0.00     0 37.16 41.30 42.95 21773     0 2.417
 10 28 28 36.94 41.26 42.85 21872 0.00 0.00 0.00     0 36.86 41.20 42.81 22288     0 2.441
 10 28 28 37.38 41.26 42.85 21952 0.00 0.00 0.00     0 37.32 41.20 42.81 22245     0 1.655
 10 28 28 36.94 41.26 42.85 21872 0.00 0.00 0.00     0 36.86 41.20 42.81 22288     0 1.634
 10 28 28 37.38 41.26 42.85 22000 0.00 0.00 0.00     0 37.32 41.20 42.82 22301     0 1.610
 10 28 28 36.87 41.26 42.85 21816 0.00 0.00 0.00     0 36.83 41.20 42.82 22277     0 1.585
 10 28 28 37.26 41.27 42.85 21968 0.00 0.00 0.00     0 37.20 41.20 42.81 22246     0 1.884
 10 28 28 37.05 41.27 42.85 21944 0.00 0.00 0.00     0 36.99 41.20 42.81 22256     0 1.764
 10 28 28 37.38 41.26 42.85 22320 0.00 0.00 0.00     0 37.32 41.20 42.81 22632     0 1.559
 10 28 28 37.38 41.26 42.85 22320 0.00 0.00 0.00     0 37.32 41.20 42.81 22632     0 1.570
 10 28 28 37.38 41.26 42.85 22320 0.00 0.00 0.00     0 37.32 41.20 42.81 22632     0 1.605
 10 28 28 37.38 41.26 42.85 21952 0.00 0.00 0.00     0 37.32 41.20 42.81 22245     0 1.587
 10 28 28 37.38 41.26 42.85 22320 0.00 0.00 0.00     0 37.32 41.20 42.81 22631     0 1.924
 10 28 28 37.38 41.26 42.85 22320 0.00 0.00 0.00     0 37.32 41.20 42.81 22632     0 1.765
 10 28 28 37.38 41.26 42.85 22320 0.00 0.00 0.00     0 37.32 41.20 42.81 22631     0 1.712
 10 28 28 37.38 41.26 42.85 22320 0.00 0.00 0.00     0 37.32 41.20 42.81 22632     0 1.936
100 28 28 36.87 41.26 42.85 21824 0.00 0.00 0.00     0 36.65 41.04 42.54 23329     0 1.773
 10 28 28 36.87 41.26 42.85 21816 0.00 0.00 0.00     0 36.83 41.20 42.82 22277     0 1.606
 10 28 28 37.38 41.26 42.85 22320 0.00 0.00 0.00     0 37.32 41.20 42.81 22632     0 1.618
 10 28 28 36.87 41.26 42.85 21816 0.00 0.00 0.00     0 36.83 41.20 42.82 22277     0 1.589
 10 28 28 37.38 41.26 42.85 21952 0.00 0.00 0.00     0 37.32 41.20 42.81 22245     0 1.672
 10 28 28 36.88 41.26 42.85 21800 0.00 0.00 0.00     0 36.86 41.21 42.82 22213     0 2.623
 10 28 28 36.94 41.26 42.85 21800 0.00 0.00 0.00     0 36.86 41.21 42.82 22213     0 2.068
 10 28 28 37.38 41.26 42.85 21952 0.00 0.00 0.00     0 36.82 40.89 42.43  5972     0 3.285
 10 28 28 36.94 41.26 42.85 21800 0.00 0.00 0.00     0 36.86 41.21 42.82 22213     0 1.829
 10 28 28 36.94 41.26 42.85 21800 0.00 0.00 0.00     0 36.86 41.21 42.82 22213     0 1.621
 10 28 28 36.94 41.26 42.85 21800 0.00 0.00 0.00     0 36.86 41.21 42.82 22213     0 1.620
 10 28 28 37.38 41.26 42.85 21952 0.00 0.00 0.00     0 37.32 41.20 42.81 22245     0 1.617
 10 28 28 36.94 41.26 42.85 21800 0.00 0.00 0.00     0 36.86 41.21 42.82 22213     0 1.717
 10 28 28 36.94 41.26 42.85 21800 0.00 0.00 0.00     0 36.86 41.21 42.82 22213     0 1.730
 10 28 28 36.94 41.26 42.85 21800 0.00 0.00 0.00     0 36.86 41.21 42.82 22213     0 1.765
 10 28 28 36.94 41.26 42.85 21800 0.00 0.00 0.00     0 36.86 41.21 42.82 22213     0 2.886
 10 28 28 36.95 41.27 42.85 22448 0.00 0.00 0.00     0 36.83 41.21 42.81 22883     0 2.671
 10 28 28 37.08 41.26 42.85 22048 0.00 0.00 0.00     0 37.03 41.20 42.81 22518     0 1.728
 10 28 28 37.09 41.27 42.85 22248 0.00 0.00 0.00     0 37.06 41.20 42.82 22519     0 1.723
 10 28 28 37.09 41.27 42.85 22248 0.00 0.00 0.00     0 37.06 41.20 42.82 22519     0 2.077
 10 28 28 37.09 41.27 42.85 22248 0.00 0.00 0.00     0 37.06 41.20 42.82 22519     0 1.947
 10 28 28 36.95 41.27 42.85 22448 0.00 0.00 0.00     0 36.83 41.21 42.81 22883     0 1.749
 10 28 28 36.95 41.27 42.85 22448 0.00 0.00 0.00     0 36.83 41.21 42.81 22883     0 2.015
 10 28 28 36.95 41.27 42.85 22448 0.00 0.00 0.00     0 36.83 41.21 42.81 22883     0 2.062
 10 28 28 36.95 41.27 42.85 22448 0.00 0.00 0.00     0 36.83 41.21 42.81 22883     0 1.815
 10 28 28 36.95 41.27 42.85 22448 0.00 0.00 0.00     0 36.83 41.21 42.81 22883     0 1.787
 10 28 28 37.38 41.26 42.85 22088 0.00 0.00 0.00     0 37.32 41.20 42.81 22375     0 2.380
 10 28 28 35.96 41.26 42.85 22048 0.00 0.00 0.00     0 36.00 41.20 42.81 22424     0 2.600
 10 28 28 36.60 41.27 42.85 22680 0.00 0.00 0.00     0 36.62 41.20 42.81 23062     0 2.192
 10 28 28 36.60 41.27 42.85 22680 0.00 0.00 0.00     0 36.62 41.20 42.81 23062     0 2.761
 10 28 28 36.95 41.27 42.85 22448 0.00 0.00 0.00     0 36.83 41.21 42.81 22883     0 2.732
 10 28 28 36.84 41.26 42.85 22560 0.00 0.00 0.00     0 36.75 41.20 42.81 23070     0 2.488
 10 28 28 36.60 41.27 42.85 22680 0.00 0.00 0.00     0 36.62 41.20 42.81 23062     0 2.708
100 28 28 36.60 41.27 42.85 22688 0.00 0.00 0.00     0 36.35 41.04 42.54 24148     0 2.681
100 28 28 36.60 41.27 42.85 22688 0.00 0.00 0.00     0 36.35 41.04 42.54 24148     0 3.227
 10 28 28 36.32 41.27 42.85 21984 0.00 0.00 0.00     0 36.21 41.20 42.81 22405     0 2.264
 10 28 28 36.32 41.27 42.85 21984 0.00 0.00 0.00     0 36.21 41.20 42.81 22405     0 2.199
 10 28 28 37.13 41.27 42.85 22024 0.00 0.00 0.00     0 37.07 41.21 42.81 22272     0 2.114
 10 28 28 37.07 41.27 42.85 21840 0.00 0.00 0.00     0 37.04 41.20 42.82 22179     0 2.043
 10 28 28 37.23 41.26 42.85 21960 0.00 0.00 0.00     0 37.15 41.21 42.81 22394     0 2.029
 10 28 28 37.07 41.27 42.85 21840 0.00 0.00 0.00     0 37.04 41.20 42.82 22184     0 2.004
 10 28 28 37.07 41.27 42.85 21840 0.00 0.00 0.00     0 37.04 41.20 42.82 22184     0 2.125
 10 28 28 36.71 41.27 42.85 22456 0.00 0.00 0.00     0 36.64 41.21 42.82 22917     0 3.940
 10 28 28 36.71 41.27 42.85 22456 0.00 0.00 0.00     0 36.64 41.21 42.82 22917     0 1.990
 10 28 28 36.71 41.27 42.85 22456 0.00 0.00 0.00     0 36.65 40.92 42.36  6080     0 2.354
 10 28 28 37.38 41.26 42.85 21952 0.00 0.00 0.00     0 36.82 40.89 42.43  5972     0 1.276
 10 28 28 37.38 41.26 42.85 21952 0.00 0.00 0.00     0 36.82 40.89 42.43  5972     0 1.298
 10 28 28 37.38 41.26 42.85 21952 0.00 0.00 0.00     0 36.82 40.89 42.43  5972     0 1.279
 10 28 28 36.71 41.27 42.85 22456 0.00 0.00 0.00     0 36.65 40.92 42.36  6080     0 1.298
 10 28 28 36.71 41.27 42.85 22456 0.00 0.00 0.00     0 36.64 41.21 42.82 22917     0 0.669
 10 28 28 36.71 41.27 42.85 22456 0.00 0.00 0.00     0 36.64 41.21 42.82 22917     0 0.714
 10 28 28 37.38 41.26 42.85 21952 0.00 0.00 0.00     0 37.32 41.20 42.81 22245     0 0.621
 10 28 28 37.31 41.26 42.85 22008 0.00 0.00 0.00     0 37.25 41.20 42.81 22310     0 1.816
 10 28 28 37.38 41.26 42.85 21952 0.00 0.00 0.00     0 37.32 41.20 42.81 22245     0 0.627
 10 28 28 37.38 41.26 42.85 21952 0.00 0.00 0.00     0 37.32 41.20 42.81 22245     0 0.630
 10 28 28 37.38 41.26 42.85 21952 0.00 0.00 0.00     0 37.32 41.20 42.81 22245     0 0.651
 10 28 28 37.38 41.26 42.85 21952 0.00 0.00 0.00     0 37.32 41.20 42.81 22245     0 0.654
 10 28 28 37.38 41.26 42.85 21952 0.00 0.00 0.00     0 37.32 41.20 42.81 22245     0 0.661
 10 28 28 36.70 41.26 42.85 23328 0.00 0.00 0.00     0 36.67 41.20 42.81 23564     0 0.668
 10 28 28 35.89 41.26 42.85 24536 0.00 0.00 0.00     0 35.91 41.20 42.81 24729     0 0.677
 10 28 28 37.24 41.26 42.85 22096 0.00 0.00 0.00     0 37.18 41.20 42.81 22401     0 0.661
 10 28 28 37.31 41.26 42.85 22024 0.00 0.00 0.00     0 37.25 41.20 42.81 22313     0 0.673
 10 28 28 37.09 41.26 42.85 22528 0.00 0.00 0.00     0 37.00 41.20 42.81 22855     0 0.670
 10 28 28 36.72 41.26 42.85 23120 0.00 0.00 0.00     0 36.62 41.20 42.81 23502     0 0.678
 10 28 28 36.77 41.26 42.85 23048 0.00 0.00 0.00     0 36.63 41.20 42.81 23437     0 0.653
 10 28 28 35.94 41.26 42.85 24424 0.00 0.00 0.00     0 35.92 41.20 42.81 24648     0 0.670
 10 28 28 35.89 41.26 42.85 24536 0.00 0.00 0.00     0 35.91 41.20 42.81 24729     0 0.662
 10 28 28 35.94 41.26 42.85 24424 0.00 0.00 0.00     0 35.92 41.20 42.81 24648     0 0.683
 10 28 28 32.98 41.26 42.85 31136 0.00 0.00 0.00     0 32.97 41.20 42.81 31493     0 0.684
 10 28 28 32.98 41.26 42.85 31136 0.00 0.00 0.00     0 32.97 41.20 42.81 31493     0 0.674
 10 28 28 34.92 41.26 42.85 26312 0.00 0.00 0.00     0 34.78 41.20 42.81 26912     0 0.676
 10 28 28 36.20 41.26 42.85 23824 0.00 0.00 0.00     0 36.03 41.20 42.81 24297     0 0.674
 10 28 28 36.77 41.26 42.85 23048 0.00 0.00 0.00     0 36.63 41.20 42.81 23437     0 0.656
 10 28 28 35.94 41.26 42.85 24424 0.00 0.00 0.00     0 35.92 41.20 42.81 24648     0 0.650
 10 28 28 35.94 41.26 42.85 24424 0.00 0.00 0.00     0 35.92 41.20 42.81 24648     0 0.651
 10 28 28 35.26 41.26 42.85 25224 0.00 0.00 0.00     0 35.29 41.20 42.81 25372     0 0.665
 10 28 28 35.26 41.26 42.85 25224 0.00 0.00 0.00     0 35.29 41.20 42.81 25372     0 0.652
 10 28 28 34.81 41.26 42.85 25648 0.00 0.00 0.00     0 34.79 41.20 42.81 25864     0 0.667
 10 28 28 35.94 41.26 42.85 24424 0.00 0.00 0.00     0 35.92 41.20 42.81 24648     0 0.651
 10 28 28 35.65 41.26 42.85 25064 0.00 0.00 0.00     0 35.60 41.20 42.81 25325     0 0.652
 10 28 28 36.95 41.26 42.85 22616 0.00 0.00 0.00     0 36.89 41.20 42.81 22949     0 0.647
 10 28 28 35.36 41.26 42.85 25768 0.00 0.00 0.00     0 35.33 41.20 42.81 25920     0 0.661
 10 28 28 36.45 41.26 42.85 23688 0.00 0.00 0.00     0 36.32 41.20 42.81 24052     0 0.656
 10 28 28 35.36 41.26 42.85 25768 0.00 0.00 0.00     0 35.33 41.20 42.81 25920     0 0.652
 10 28 28 35.36 41.26 42.85 25768 0.00 0.00 0.00     0 35.33 41.20 42.81 25920     0 0.652
 10 28 28 35.36 41.26 42.85 25768 0.00 0.00 0.00     0 35.33 41.20 42.81 25920     0 0.659
 10 28 28 29.11 41.27 42.85 36072 0.00 0.00 0.00     0 29.06 41.21 42.81 36526     0 0.677
 10 28 28 34.46 41.26 42.85 23856 0.00 0.00 0.00     0 34.51 41.20 42.81 24147     0 0.658
 10 28 28 32.86 41.26 42.85 24904 0.00 0.00 0.00     0 32.91 41.20 42.81 25180     0 0.922
 10 28 28 30.31 41.26 42.85 34168 0.00 0.00 0.00     0 30.32 41.21 42.81 34626     0 0.680
 10 28 28 34.77 41.26 42.85 24544 0.00 0.00 0.00     0 34.69 41.20 42.82 24930     0 0.656
 10 28 28 35.36 41.26 42.85 25768 0.00 0.00 0.00     0 35.33 41.20 42.81 25920     0 0.661
 10 28 28 33.68 41.26 42.85 27504 0.00 0.00 0.00     0 33.62 41.20 42.81 27835     0 0.670
 10 28 28 33.82 41.26 42.85 29912 0.00 0.00 0.00     0 33.80 41.20 42.81 30212     0 0.666
 10 28 28 35.09 41.26 42.85 26344 0.00 0.00 0.00     0 35.06 41.20 42.81 26516     0 0.624
 10 28 28 35.09 41.26 42.85 26344 0.00 0.00 0.00     0 35.06 41.20 42.81 26516     0 0.616
 10 28 28 36.86 41.26 42.85 22864 0.00 0.00 0.00     0 36.77 41.20 42.81 23118     0 0.638
 10 28 28 35.09 41.26 42.85 26344 0.00 0.00 0.00     0 35.06 41.20 42.81 26516     0 0.625
 10 28 28 35.09 41.26 42.85 26344 0.00 0.00 0.00     0 36.28 40.84 42.38  6612     0 1.354
 10 28 28 32.92 41.27 42.85 32864 0.00 0.00 0.00     0 32.86 41.21 42.81 33448     0 0.616
 10 28 28 35.09 41.26 42.85 26344 0.00 0.00 0.00     0 35.06 41.20 42.81 26516     0 0.626
 10 28 28 35.09 41.26 42.85 26344 0.00 0.00 0.00     0 35.06 41.20 42.81 26516     0 0.616
 10 28 28 35.09 41.26 42.85 26344 0.00 0.00 0.00     0 35.06 41.20 42.81 26516     0 0.625
 10 28 28 36.06 41.26 42.85 24176 0.00 0.00 0.00     0 36.05 41.20 42.81 24414     0 5.426
 10 28 28 36.11 41.26 42.85 24184 0.00 0.00 0.00     0 36.04 41.20 42.81 24476     0 0.615
 10 28 28 36.06 41.26 42.85 24176 0.00 0.00 0.00     0 36.05 41.20 42.81 24414     0 0.624
 10 28 28 36.12 41.26 42.85 24232 0.00 0.00 0.00     0 36.01 41.20 42.81 24504     0 0.616
 10 28 28 36.11 41.26 42.85 24184 0.00 0.00 0.00     0 36.04 41.20 42.81 24476     0 0.622
 10 28 28 37.38 41.26 42.85 21952 0.00 0.00 0.00     0 37.32 41.20 42.81 22245     0 18.030
 10 28 28 37.38 41.26 42.85 21952 0.00 0.00 0.00     0 37.32 41.20 42.81 22245     0 1.121
 10 28 28 37.38 41.26 42.85 21952 0.00 0.00 0.00     0 37.32 41.20 42.81 22245     0 5.845
 10 28 28 35.71 41.26 42.85 24808 0.00 0.00 0.00     0 35.70 41.20 42.81 25135     0 1.080
 10 28 28 35.72 41.26 42.85 24880 0.00 0.00 0.00     0 35.72 41.20 42.81 25083     0 1.125
 20 28 28 35.72 41.26 42.85 24880 0.00 0.00 0.00     0 35.62 41.17 42.84 25658     0 1.100
 20 28 28 35.72 41.26 42.85 24880 0.00 0.00 0.00     0 35.62 41.17 42.84 25658     0 1.076
 20 28 28 35.30 41.26 42.85 25488 0.00 0.00 0.00     0 35.27 41.17 42.84 26150     0 9.647
 20 28 28 35.30 41.26 42.85 25488 0.00 0.00 0.00     0 35.27 41.17 42.84 26150     0 23.579
 20 28 28 35.32 41.26 42.85 25512 0.00 0.00 0.00     0 35.30 41.17 42.84 26128     0 4.846
 10 28 28 35.32 41.26 42.85 25512 0.00 0.00 0.00     0 35.34 41.20 42.81 25608     0 6.874
 10 28 28 35.27 41.26 42.85 25568 0.00 0.00 0.00     0 35.24 41.20 42.81 25757     0 16.474
 10 28 28 35.27 41.26 42.85 25568 0.00 0.00 0.00     0 35.24 41.20 42.81 25757     0 16.293
 10 28 28 35.27 41.26 42.85 25568 0.00 0.00 0.00     0 35.24 41.20 42.81 25757     0 17.715
 10 28 28 35.27 41.26 42.85 25568 0.00 0.00 0.00     0 35.24 41.20 42.81 25757     0 17.286
 10 28 28 36.51 41.26 42.85 23488 0.00 0.00 0.00     0 36.55 41.20 42.81 23551     0 0.978
 10 28 28 36.26 41.26 42.85 23776 0.00 0.00 0.00     0 36.27 41.20 42.81 23851     0 0.646
 10 28 28 35.92 41.26 42.85 24248 0.00 0.00 0.00     0 35.96 41.20 42.81 24273     0 1.886
 10 28 28 35.88 41.26 42.85 24280 0.00 0.00 0.00     0 35.90 41.20 42.81 24324     0 12.614
 10 28 28 36.51 41.26 42.85 23488 0.00 0.00 0.00     0 36.55 41.20 42.81 23551     0 0.973
 10 28 28 35.72 41.26 42.85 24880 0.00 0.00 0.00     0 35.72 41.20 42.81 25083     0 1.055
 10 28 28 34.87 41.26 42.85 26032 0.00 0.00 0.00     0 34.82 41.20 42.81 26365     0 2.030
 10 28 28 34.87 41.26 42.85 26032 0.00 0.00 0.00     0 34.82 41.20 42.81 26365     0 2.033
 10 28 28 35.06 41.26 42.85 25752 0.00 0.00 0.00     0 34.97 41.20 42.81 26147     0 0.998
 10 28 28 35.06 41.26 42.85 25752 0.00 0.00 0.00     0 34.97 41.20 42.81 26147     0 1.007
 10 28 28 35.28 41.26 42.85 25424 0.00 0.00 0.00     0 35.16 41.20 42.81 25822     0 0.749
 10 28 28 35.47 41.26 42.85 25120 0.00 0.00 0.00     0 35.36 41.20 42.81 25519     0 0.638
 20 28 28 35.47 41.26 42.85 25120 0.00 0.00 0.00     0 35.28 41.17 42.84 26081     0 0.679
 10 28 28 35.47 41.26 42.85 25120 0.00 0.00 0.00     0 35.36 41.20 42.81 25519     0 0.644
 10 28 28 33.58 36.68 36.42 68832 0.00 0.00 0.00     0 33.52 36.79 36.44 68530     0 1.244
 20 28 28 33.58 36.68 36.42 68832 0.00 0.00 0.00     0 33.49 36.81 36.40 68766     0 1.269
 20 28 28 33.11 36.68 36.42 69328 0.00 0.00 0.00     0 33.01 36.81 36.40 69312     0 2.880
 20 28 28 33.26 36.68 36.42 69144 0.00 0.00 0.00     0 33.16 36.81 36.40 69149     0 1.707
 20 28 28 32.88 36.68 36.42 69432 0.00 0.00 0.00     0 32.77 36.81 36.40 69390     0 42.457
 20 28 28 34.79 41.26 42.85 26040 0.00 0.00 0.00     0 34.64 41.17 42.84 26993     0 33.954
 20 28 28 36.41 41.26 42.85 23136 0.00 0.00 0.00     0 36.17 41.17 42.84 24015     0 1.799
 20 28 28 35.64 41.26 42.85 24240 0.00 0.00 0.00     0 35.31 41.17 42.84 25307     0 11.451
 20 28 28 35.71 41.26 42.85 24240 0.00 0.00 0.00     0 35.37 41.17 42.84 25339     0 1.209
 20 28 28 35.91 41.26 42.85 23992 0.00 0.00 0.00     0 35.55 41.17 42.84 25152     0 0.673
 20 28 28 35.28 41.26 42.85 25424 0.00 0.00 0.00     0 35.08 41.17 42.84 26391     0 0.733
 20 28 28 35.20 41.26 42.85 25600 0.00 0.00 0.00     0 35.20 41.17 42.84 26474     0 9.707
 20 28 28 35.32 41.26 42.85 25512 0.00 0.00 0.00     0 35.30 41.17 42.84 26128     0 4.524
 20 28 28 34.87 41.27 42.85 26472 0.00 0.00 0.00     0 34.77 41.17 42.84 27526     0 0.799
 20 28 28 35.13 41.26 42.85 25736 0.00 0.00 0.00     0 34.90 41.17 42.84 26888     0 0.756
 20 28 28 35.13 41.26 42.85 25736 0.00 0.00 0.00     0 34.90 41.17 42.84 26888     0 0.742
 20 28 28 35.28 41.26 42.85 25424 0.00 0.00 0.00     0 35.08 41.17 42.84 26391     0 0.726
 20 28 28 35.28 41.26 42.85 25424 0.00 0.00 0.00     0 35.08 41.17 42.84 26391     0 0.750
 20 28 28 35.28 41.26 42.85 25424 0.00 0.00 0.00     0 35.08 41.17 42.84 26391     0 0.735
 20 28 28 35.28 41.26 42.85 25424 0.00 0.00 0.00     0 35.08 41.17 42.84 26391     0 12.573
 20 28 28 35.28 41.26 42.85 25424 0.00 0.00 0.00     0 35.08 41.17 42.84 26391     0 5.114
 20 28 28 35.91 41.26 42.85 23992 0.00 0.00 0.00     0 35.55 41.17 42.84 25152     0 0.716
 20 28 28 35.91 41.26 42.85 23992 0.00 0.00 0.00     0 35.55 41.17 42.84 25152     0 0.706
 20 28 28 35.91 41.26 42.85 23992 0.00 0.00 0.00     0 35.55 41.17 42.84 25152     0 0.706
 20 28 28 35.91 41.26 42.85 23992 0.00 0.00 0.00     0 35.55 41.17 42.84 25152     0 0.717
 20 28 28 35.91 41.26 42.85 23992 0.00 0.00 0.00     0 35.55 41.17 42.84 25152     0 0.719
 20 28 28 35.28 41.26 42.85 25424 0.00 0.00 0.00     0 35.08 41.17 42.84 26391     0 0.768
 20 28 28 35.28 41.26 42.85 25424 0.00 0.00 0.00     0 35.08 41.17 42.84 26391     0 0.757
 20 28 28 35.28 41.26 42.85 25424 0.00 0.00 0.00     0 35.08 41.17 42.84 26391     0 0.757
 20 28 28 35.28 41.26 42.85 25424 0.00 0.00 0.00     0 35.08 41.17 42.84 26391     0 0.758
 20 28 28 35.28 41.26 42.85 25424 0.00 0.00 0.00     0 35.08 41.17 42.84 26391     0 0.754
 20 28 28 37.38 41.26 42.85 21952 0.00 0.00 0.00     0 37.20 41.17 42.84 22834     0 0.589
 20 28 28 35.28 41.26 42.85 25424 0.00 0.00 0.00     0 35.08 41.17 42.84 26391     0 0.915
 20 28 28 35.28 41.26 42.85 25424 0.00 0.00 0.00     0 35.08 41.17 42.84 26391     0 5.401
 20 28 28 35.28 41.26 42.85 25424 0.00 0.00 0.00     0 35.08 41.17 42.84 26391     0 0.904
 20 28 28 37.38 41.26 42.85 25424 0.00 0.00 0.00     0 37.20 41.17 42.84 26391     0 0.734
 20 28 28 35.28 41.26 42.85 25424 0.00 0.00 0.00     0 35.08 41.17 42.84 26391     0 0.729
 20 28 28 35.28 41.26 42.85 25424 0.00 0.00 0.00     0 35.08 41.17 42.84 26391     0 8.569
 20 28 28 35.28 41.26 42.85 25424 0.00 0.00 0.00     0 35.08 41.17 42.84 26391     0 9.585
 20 28 28 35.28 41.26 42.85 25424 0.00 0.00 0.00     0 35.08 41.17 42.84 26391     0 3.054
 20 28 28 36.78 41.26 42.85 21952 0.00 0.00 0.00     0 36.78 41.17 42.84 22834     0 0.670
 20 28 28 36.78 41.26 42.85 21952 0.00 0.00 0.00     0 36.78 41.17 42.84 22834     0 0.688
 20 28 28 36.78 41.26 42.85 21952 0.00 0.00 0.00     0 36.78 41.17 42.84 22834     0 0.703
 20 28 28 36.78 41.26 42.85 21952 0.00 0.00 0.00     0 36.78 41.17 42.84 22834     0 0.686
 20 28 28 35.32 41.26 42.85 25712 0.00 0.00 0.00     0 35.13 41.17 42.84 26600     0 0.819
 20 28 28 35.32 41.26 42.85 25712 0.00 0.00 0.00     0 35.13 41.17 42.84 26600     0 0.821
 20 28 28 34.95 41.26 42.85 26296 0.00 0.00 0.00     0 34.77 41.17 42.84 27190     0 2.147
 20 28 28 35.51 41.26 42.85 25400 0.00 0.00 0.00     0 35.32 41.17 42.84 26289     0 0.717
 20 28 28 35.47 41.26 42.85 25648 0.00 0.00 0.00     0 35.32 41.17 42.84 26303     0 0.718
 20 28 28 35.28 41.27 42.85 25976 0.00 0.00 0.00     0 35.14 41.17 42.84 26775     0 0.735
 20 28 28 35.51 41.26 42.85 25400 0.00 0.00 0.00     0 35.32 41.17 42.84 26289     0 0.733
 20 28 28 35.51 41.26 42.85 25400 0.00 0.00 0.00     0 35.32 41.17 42.84 26289     0 0.731
