  2  0 28 7.49 5.48 6.50     0 0.00 0.00 0.00     0 7.49 5.48 6.51     0 31.712
  0  0  0 0.00 0.00 0.00     0 0.00 0.00 0.00     0 0.00 0.00 0.00     0 -1.#IO
  3  0 28 0.00 0.00 0.00     0 0.00 0.00 0.00     0 0.00 0.00 0.00     0 3.083
  3  0 28 38.78 0.00 0.00     0 0.00 0.00 0.00     0 38.65 0.00 0.00     0 0.041
  3  0 28 38.78 0.00 0.00     0 0.00 0.00 0.00     0 38.65 0.00 0.00     0 0.038
  3  0 28 35.06 41.26 42.85     0 0.00 0.00 0.00     0 34.86 41.07 42.75     0 0.040
  3  0 28 37.38 41.26 42.85     0 0.00 0.00 0.00     0 37.03 41.08 42.75     0 0.042
  3  0 28 0.00 0.00 0.00     0 0.00 0.00 0.00     0 0.00 0.00 0.00     0 0.039
  3  0 28 37.38 41.26 42.85     0 0.00 0.00 0.00     0 37.03 41.08 42.75     0 0.034
  3  0 28 22.41 41.26 42.85     0 0.00 0.00 0.00     0 22.43 41.14 42.76     0 0.044
  3  0 28 35.06 41.26 42.85     0 0.00 0.00 0.00     0 34.85 41.08 42.75     0 0.041
  3  0 28 35.06 41.26 42.85     0 0.00 0.00 0.00     0 34.85 41.08 42.75     0 0.046
  3  0 28 35.06 41.26 42.85     0 0.00 0.00 0.00     0 34.86 41.08 42.75     0 0.041
  3  0 28 35.06 41.26 42.85     0 0.00 0.00 0.00     0 34.86 41.08 42.75     0 0.042
  3  0 28 35.06 41.26 42.85     0 0.00 0.00 0.00     0 34.85 41.08 42.75     0 0.042
 10  0 28 35.06 41.26 42.85     0 0.00 0.00 0.00     0 34.60 40.89 42.43     0 0.037
 10  0 28 35.06 41.26 42.85     0 0.00 0.00 0.00     0 34.60 40.89 42.43     0 0.043
 10  0 28 35.06 41.26 42.85     0 0.00 0.00 0.00     0 34.63 40.89 42.43     0 0.032
 10  0 28 37.31 41.26 42.85     0 0.00 0.00 0.00     0 36.78 40.89 42.43     0 0.038
 10  0 28 37.31 41.26 42.85     0 0.00 0.00 0.00     0 36.78 40.89 42.43     0 0.042
 10  0 28 33.76 41.27 42.85     0 0.00 0.00 0.00     0 33.47 40.84 42.40     0 0.039
 10  0 28 33.76 41.27 42.85     0 0.00 0.00 0.00     0 33.47 40.84 42.40     0 0.035
 10  0 28 36.98 41.26 42.85     0 0.00 0.00 0.00     0 36.64 40.89 42.43     0 0.037
 10  0 28 36.98 41.26 42.85     0 0.00 0.00 0.00     0 36.64 40.89 42.43     0 0.035
 10  0 28 36.98 41.26 42.85     0 0.00 0.00 0.00     0 36.64 40.89 42.43     0 0.038
 10  0 28 36.98 41.26 42.85     0 0.00 0.00 0.00     0 36.64 40.89 42.43     0 0.036
 10  0 28 33.23 41.26 42.85     0 0.00 0.00 0.00     0 32.83 40.89 42.43     0 0.040
 10  0 28 33.23 41.26 42.85     0 0.00 0.00 0.00     0 32.83 40.89 42.43     0 0.038
 10  0 28 37.38 41.26 42.85     0 0.00 0.00 0.00     0 36.82 40.89 42.43     0 0.043
 10  0 28 33.23 41.26 42.85     0 0.00 0.00 0.00     0 32.83 40.89 42.43     0 0.039
 10  0 28 33.23 41.26 42.85     0 0.00 0.00 0.00     0 32.83 40.89 42.43     0 0.042
 10  0 28 33.23 41.26 42.85     0 0.00 0.00 0.00     0 32.83 40.89 42.43     0 0.038
 10  0 28 14.97 41.27 42.85     0 0.00 0.00 0.00     0 15.12 40.86 42.36     0 0.044
 10  0 28 14.97 41.27 42.85     0 0.00 0.00 0.00     0 15.12 40.86 42.36     0 0.048
 10  0 28 17.03 41.27 42.85     0 0.00 0.00 0.00     0 17.11 40.86 42.36     0 0.037
 10  0 28 17.03 41.27 42.85     0 0.00 0.00 0.00     0 17.11 40.86 42.36     0 0.039
 10  0 28 17.03 41.27 42.85     0 0.00 0.00 0.00     0 17.11 40.86 42.36     0 0.042
 10  0 28 17.03 41.27 42.85     0 0.00 0.00 0.00     0 17.11 40.86 42.36     0 0.043
 10  0 24 32.75 42.98 44.91     0 0.00 0.00 0.00     0 33.41 42.61 44.53     0 0.032
 10  0 24 36.45 42.98 44.91     0 0.00 0.00 0.00     0 36.46 42.58 44.50     0 0.038
 10  0 24 39.26 42.98 44.91     0 0.00 0.00 0.00     0 38.59 42.58 44.50     0 0.037
 10  0 24 39.26 42.98 44.91     0 0.00 0.00 0.00     0 38.59 42.58 44.50     0 0.035
 10  0 24 40.10 42.98 44.91     0 0.00 0.00 0.00     0 39.38 42.58 44.50     0 0.039
 10  0 24 40.10 42.98 44.91     0 0.00 0.00 0.00     0 39.38 42.58 44.50     0 0.032
 10  0 24 33.11 42.98 44.91     0 0.00 0.00 0.00     0 33.29 42.58 44.50     0 0.032
 10  0 28 28.65 41.27 42.85     0 0.00 0.00 0.00     0 28.72 40.90 42.40     0 0.035
 10  0 24 32.53 42.98 44.91     0 0.00 0.00 0.00     0 32.57 42.61 44.53     0 0.038
 10  0 24 32.53 42.98 44.91     0 0.00 0.00 0.00     0 32.57 42.61 44.53     0 0.038
 10  0 24 33.40 42.98 44.91     0 0.00 0.00 0.00     0 33.46 42.61 44.53     0 0.037
 10  0 24 33.11 42.98 44.91     0 0.00 0.00 0.00     0 33.29 42.58 44.50     0 0.036
 10  0 24 32.75 42.98 44.91     0 0.00 0.00 0.00     0 33.41 42.61 44.53     0 0.032
  3  0 24 33.52 42.98 44.91     0 0.00 0.00 0.00     0 33.32 42.76 44.91     0 0.042
  3  0 24 35.17 42.98 44.91     0 0.00 0.00 0.00     0 35.01 42.76 44.91     0 0.033
  3  0 24 35.17 42.98 44.91     0 0.00 0.00 0.00     0 35.01 42.76 44.91     0 0.033
  3  0 24 33.40 42.98 44.91     0 0.00 0.00 0.00     0 33.37 42.76 44.91     0 0.048
  3  0 24 35.40 42.98 44.91     0 0.00 0.00 0.00     0 35.37 42.75 44.89     0 0.039
  3  0 24 32.75 42.98 44.91     0 0.00 0.00 0.00     0 32.83 42.75 44.89     0 0.033
  3  0 24 32.75 42.98 44.91     0 0.00 0.00 0.00     0 32.83 42.75 44.89     0 0.041
  3  0 24 32.54 42.98 44.91     0 0.00 0.00 0.00     0 32.53 42.76 44.91     0 0.035
  3  0 24 32.54 42.98 44.91     0 0.00 0.00 0.00     0 32.53 42.76 44.91     0 0.040
  3  0 24 36.34 42.98 44.91     0 0.00 0.00 0.00     0 36.17 42.76 44.91     0 0.041
  3  0 24 36.34 42.98 44.91     0 0.00 0.00 0.00     0 36.17 42.76 44.91     0 0.045
  3  0 24 35.86 42.98 44.91     0 0.00 0.00 0.00     0 35.71 42.76 44.91     0 0.040
  3  0 24 35.86 42.98 44.91     0 0.00 0.00 0.00     0 35.71 42.76 44.91     0 0.042
  3  0 24 34.56 42.98 44.91     0 0.00 0.00 0.00     0 34.54 42.76 44.91     0 0.047
 10  0 24 34.81 42.98 44.91     0 0.00 0.00 0.00     0 35.36 43.02 45.05     0 0.042
 10  0 24 34.81 42.98 44.91     0 0.00 0.00 0.00     0 35.36 43.02 45.05     0 0.035
 10  0 24 40.10 42.98 44.91     0 0.00 0.00 0.00     0 40.09 43.02 45.05     0 0.038
 10  0 24 40.10 42.98 44.91     0 0.00 0.00 0.00     0 40.09 43.02 45.05     0 0.034
 10  0 24 8.90 42.98 44.91     0 0.00 0.00 0.00     0 9.47 43.02 45.05     0 0.042
 10  0 24 36.55 42.98 44.91     0 0.00 0.00 0.00     0 35.80 43.02 45.05     0 0.041
 10  0 24 36.55 42.98 44.91     0 0.00 0.00 0.00     0 35.80 43.02 45.05     0 0.039
 10  0 24 35.08 42.98 44.91     0 0.00 0.00 0.00     0 34.67 43.02 45.05     0 0.034
 10  0 24 33.11 42.98 44.91     0 0.00 0.00 0.00     0 33.96 43.02 45.05     0 0.038
 10  0 24 33.11 42.98 44.91     0 0.00 0.00 0.00     0 33.96 43.02 45.05     0 0.040
 10  0 24 36.75 42.98 44.91     0 0.00 0.00 0.00     0 37.39 43.02 45.05     0 0.038
 10  0 24 36.75 42.98 44.91     0 0.00 0.00 0.00     0 37.39 43.02 45.05     0 0.039
 10  0 24 37.70 42.98 44.91     0 0.00 0.00 0.00     0 37.97 43.02 45.05     0 0.037
 10  0 28 35.94 41.26 42.85     0 0.00 0.00 0.00     0 36.37 41.20 42.81     0 0.035
 10  0 24 40.10 42.98 44.91     0 0.00 0.00 0.00     0 40.09 43.02 45.05     0 0.042
 10  0 24 40.10 42.98 44.91     0 0.00 0.00 0.00     0 40.09 43.02 45.05     0 0.039
 10  0 24 32.25 42.98 44.91     0 0.00 0.00 0.00     0 34.50 43.02 45.05     0 0.041
 10  0 24 32.25 42.98 44.91     0 0.00 0.00 0.00     0 34.50 43.02 45.05     0 0.040
 10  0 24 35.08 42.98 44.91     0 0.00 0.00 0.00     0 34.67 43.02 45.05     0 0.037
 10  0 24 35.08 42.98 44.91     0 0.00 0.00 0.00     0 34.67 43.02 45.05     0 0.034
 10  0 24 40.10 42.98 44.91     0 0.00 0.00 0.00     0 40.09 43.02 45.05     0 0.039
 10  0 24 31.94 42.98 44.91     0 0.00 0.00 0.00     0 32.93 43.02 45.05     0 0.039
 10  0 24 37.70 42.98 44.91     0 0.00 0.00 0.00     0 37.97 43.02 45.05     0 0.038
 10  0 24 32.25 42.98 44.91     0 0.00 0.00 0.00     0 33.91 42.77 44.74     0 0.039
  0  0  0 0.00 0.00 0.00     0 0.00 0.00 0.00     0 0.00 0.00 0.00     0 -1.#IO
  0  0  0 0.00 0.00 0.00     0 0.00 0.00 0.00     0 0.00 0.00 0.00     0 -1.#IO
  0  0  0 0.00 0.00 0.00     0 0.00 0.00 0.00     0 0.00 0.00 0.00     0 -1.#IO
  3  0 28 17.03 41.27 42.85     0 0.00 0.00 0.00     0 17.87 41.31 42.95     0 0.045
 10  0 28 17.03 41.27 42.85     0 0.00 0.00 0.00     0 17.18 41.21 42.81     0 0.037
 10  0 28 17.03 41.27 42.85     0 0.00 0.00 0.00     0 17.18 41.21 42.81     0 0.040
 10  0 28 17.03 41.27 42.85     0 0.00 0.00 0.00     0 17.18 41.21 42.81     0 0.042
 10  0 28 17.03 41.27 42.85     0 0.00 0.00 0.00     0 17.18 41.21 42.81     0 0.040
 10  0 28 17.03 41.27 42.85     0 0.00 0.00 0.00     0 17.18 41.21 42.81     0 0.038
 10  0 28 8.63 41.27 42.85     0 0.00 0.00 0.00     0 8.69 41.20 42.81     0 0.043
 10  0 28 8.63 41.27 42.85     0 0.00 0.00 0.00     0 8.69 41.20 42.81     0 0.042
 10  0 28 19.43 41.26 42.85     0 0.00 0.00 0.00     0 19.16 41.19 42.81     0 0.039
 10  0 28 19.43 41.26 42.85     0 0.00 0.00 0.00     0 19.16 41.19 42.81     0 0.037
 10  0 28 19.43 41.26 42.85     0 0.00 0.00 0.00     0 19.19 41.19 42.81     0 0.040
 10  0 28 27.08 41.27 42.85     0 0.00 0.00 0.00     0 23.78 41.20 42.81     0 0.036
 10  0 28 27.08 41.27 42.85     0 0.00 0.00 0.00     0 23.78 41.20 42.81     0 0.037
 10  0 28 35.46 41.26 42.85     0 0.00 0.00 0.00     0 34.23 41.20 42.81     0 0.039
 10  0 28 35.46 41.26 42.85     0 0.00 0.00 0.00     0 34.23 41.20 42.81     0 0.040
 10  0 28 35.46 41.26 42.85     0 0.00 0.00 0.00     0 34.23 41.20 42.81     0 0.040
 10  0 28 35.46 41.26 42.85     0 0.00 0.00 0.00     0 34.23 41.20 42.81     0 0.038
 10  0 28 35.46 41.26 42.85     0 0.00 0.00 0.00     0 34.23 41.20 42.81     0 0.040
 10  0 28 35.46 41.26 42.85     0 0.00 0.00 0.00     0 34.23 41.20 42.81     0 0.039
 10  0 28 35.46 41.26 42.85     0 0.00 0.00 0.00     0 34.23 41.20 42.81     0 0.041
 10  0 28 35.46 41.26 42.85     0 0.00 0.00 0.00     0 34.23 41.20 42.81     0 0.036
 10  0 28 35.46 41.26 42.85     0 0.00 0.00 0.00     0 34.23 41.20 42.81     0 0.043
 10  0 28 35.46 41.26 42.85     0 0.00 0.00 0.00     0 34.23 41.20 42.81     0 0.048
 10  0 28 36.71 41.26 42.85     0 0.00 0.00 0.00     0 35.60 41.20 42.81     0 0.046
 10  0 28 36.71 41.26 42.85     0 0.00 0.00 0.00     0 35.60 41.20 42.81     0 0.048
 10  0 28 36.71 41.26 42.85     0 0.00 0.00 0.00     0 35.60 41.20 42.81     0 0.045
 10  0 28 35.46 41.26 42.85     0 0.00 0.00 0.00     0 34.23 41.20 42.81     0 0.048
 10  0 28 36.71 41.26 42.85     0 0.00 0.00 0.00     0 35.60 41.20 42.81     0 0.048
 10  0 28 36.71 41.26 42.85     0 0.00 0.00 0.00     0 35.60 41.20 42.81     0 0.041
 10  0 28 36.71 41.26 42.85     0 0.00 0.00 0.00     0 35.60 41.20 42.81     0 0.043
 10  0 28 35.46 41.26 42.85     0 0.00 0.00 0.00     0 34.23 41.20 42.81     0 0.038
 10  0 28 35.46 41.26 42.85     0 0.00 0.00 0.00     0 34.23 41.20 42.81     0 0.049
 10  0 28 35.46 41.26 42.85     0 0.00 0.00 0.00     0 34.23 41.20 42.81     0 0.051
 10  0 28 35.46 41.26 42.85     0 0.00 0.00 0.00     0 34.23 41.20 42.81     0 0.047
 10  0 28 36.71 41.26 42.85     0 0.00 0.00 0.00     0 35.60 41.20 42.81     0 0.047
 10  0 28 36.64 41.26 42.85     0 0.00 0.00 0.00     0 36.03 41.20 42.81     0 0.047
 10  0 28 36.64 41.26 42.85     0 0.00 0.00 0.00     0 36.03 41.20 42.81     0 0.045
 10  0 28 33.39 41.26 42.85     0 0.00 0.00 0.00     0 32.28 41.20 42.81     0 0.045
 10  0 28 33.39 41.26 42.85     0 0.00 0.00 0.00     0 32.28 41.20 42.81     0 0.047
 10  0 28 34.81 41.27 42.85     0 0.00 0.00 0.00     0 32.92 41.20 42.81     0 0.047
 10  0 28 36.90 41.26 42.85     0 0.00 0.00 0.00     0 36.83 41.20 42.81     0 0.045
 10  0 28 36.90 41.26 42.85     0 0.00 0.00 0.00     0 36.83 41.20 42.81     0 0.047
 10  0 28 30.54 41.27 42.85     0 0.00 0.00 0.00     0 30.47 41.20 42.82     0 0.040
 10  0 24 32.54 42.98 44.91     0 0.00 0.00 0.00     0 32.46 43.02 45.05     0 0.050
 10  0 24 28.68 42.98 44.91     0 0.00 0.00 0.00     0 29.09 43.01 45.05     0 0.041
 10  0 24 28.68 42.98 44.91     0 0.00 0.00 0.00     0 29.09 43.01 45.05     0 0.051
 10  0 24 38.60 42.93 44.93     0 0.00 0.00 0.00     0 37.88 43.01 45.05     0 0.050
 10  0 24 36.68 42.98 44.91     0 0.00 0.00 0.00     0 37.76 43.02 45.05     0 0.049
 10  0 24 35.61 42.98 44.91     0 0.00 0.00 0.00     0 36.41 43.02 45.05     0 0.047
 10  0 24 35.61 42.98 44.91     0 0.00 0.00 0.00     0 36.41 43.02 45.05     0 0.044
 10  0 24 35.73 42.98 44.91     0 0.00 0.00 0.00     0 35.49 43.02 45.04     0 0.047
  5  0 24 37.02 42.98 44.91     0 0.00 0.00 0.00     0 34.81 43.02 45.06     0 0.055
  5  0 24 37.02 42.98 44.91     0 0.00 0.00 0.00     0 34.81 43.02 45.06     0 0.067
  5  0 24 38.51 42.98 44.91     0 0.00 0.00 0.00     0 37.46 43.03 45.07     0 0.050
  5  0 24 38.51 42.98 44.91     0 0.00 0.00 0.00     0 37.46 43.03 45.07     0 0.057
  5  0 24 39.02 42.98 44.91     0 0.00 0.00 0.00     0 37.15 43.03 45.07     0 0.039
  5  0 24 37.98 42.98 44.91     0 0.00 0.00 0.00     0 37.99 43.02 45.06     0 0.047
  5  0 24 35.73 42.98 44.91     0 0.00 0.00 0.00     0 35.06 43.02 45.06     0 0.062
 20  0 28 36.41 41.27 42.85     0 0.00 0.00 0.00     0 34.54 41.17 42.84     0 0.050
 20  0 28 33.75 41.26 42.85     0 0.00 0.00 0.00     0 31.38 41.16 42.83     0 0.049
 20  0 28 29.84 41.26 42.85     0 0.00 0.00 0.00     0 32.21 41.17 42.83     0 0.050
 20  0 28 29.84 41.26 42.85     0 0.00 0.00 0.00     0 32.21 41.17 42.83     0 0.052
  5  0 28 29.75 41.27 42.85     0 0.00 0.00 0.00     0 31.25 41.26 42.85     0 0.052
  5  0 28 29.75 41.27 42.85     0 0.00 0.00 0.00     0 31.25 41.26 42.85     0 0.049
  5  0 24 31.03 42.98 44.91     0 0.00 0.00 0.00     0 34.20 43.02 45.06     0 0.060
  5  0 24 31.26 42.98 44.91     0 0.00 0.00 0.00     0 33.93 43.02 45.06     0 0.053
  5  0 24 31.26 42.98 44.91     0 0.00 0.00 0.00     0 33.93 43.02 45.06     0 0.061
  5  0 24 36.69 42.98 44.91     0 0.00 0.00 0.00     0 37.80 43.01 45.07     0 0.050
  3  0 28 35.46 41.26 42.85     0 0.00 0.00 0.00     0 35.14 41.30 42.95     0 0.046
  3  0 28 35.46 41.26 42.85     0 0.00 0.00 0.00     0 35.14 41.30 42.95     0 0.047
 10  0 28 29.84 41.26 42.85     0 0.00 0.00 0.00     0 32.59 41.20 42.81     0 0.035
 10  0 28 30.70 41.26 42.85     0 0.00 0.00 0.00     0 31.19 41.20 42.82     0 0.036
 10  0 28 30.70 41.26 42.85     0 0.00 0.00 0.00     0 31.19 41.20 42.82     0 0.036
 10  0 28 30.57 41.26 42.85     0 0.00 0.00 0.00     0 32.11 41.20 42.82     0 0.036
 10  0 28 30.57 41.26 42.85     0 0.00 0.00 0.00     0 32.11 41.20 42.82     0 0.035
 10  0 28 30.57 41.26 42.85     0 0.00 0.00 0.00     0 32.11 41.20 42.82     0 0.593
 10  0 28 30.57 41.26 42.85     0 0.00 0.00 0.00     0 32.11 41.20 42.82     0 0.054
 10  0 28 30.57 41.26 42.85     0 0.00 0.00 0.00     0 32.11 41.20 42.82     0 0.036
 10  0 28 30.57 41.26 42.85     0 0.00 0.00 0.00     0 32.11 41.20 42.82     0 0.097
 10  0 28 30.57 41.26 42.85     0 0.00 0.00 0.00     0 32.11 41.20 42.82     0 0.034
 10  0 28 30.57 41.26 42.85     0 0.00 0.00 0.00     0 32.11 41.20 42.82     0 0.058
 10  0 28 30.57 41.26 42.85     0 0.00 0.00 0.00     0 32.11 41.20 42.82     0 0.053
 10  0 28 30.57 41.26 42.85     0 0.00 0.00 0.00     0 32.11 41.20 42.82     0 0.039
 10  0 28 35.58 41.27 42.85     0 0.00 0.00 0.00     0 34.73 41.20 42.81     0 0.917
 10  0 28 34.06 41.27 42.85     0 0.00 0.00 0.00     0 33.27 41.20 42.81     0 0.434
 10  0 28 33.71 41.26 42.85     0 0.00 0.00 0.00     0 34.03 41.20 42.81     0 0.042
 10  0 28 33.71 41.26 42.85     0 0.00 0.00 0.00     0 34.03 41.20 42.81     0 0.038
 10  0 28 33.71 41.26 42.85     0 0.00 0.00 0.00     0 34.03 41.20 42.81     0 0.038
 10  0 28 33.71 41.26 42.85     0 0.00 0.00 0.00     0 34.03 41.20 42.81     0 0.037
 10  0 28 37.38 41.26 42.85     0 0.00 0.00 0.00     0 37.32 41.20 42.81     0 0.035
 10  0 28 37.38 41.26 42.85     0 0.00 0.00 0.00     0 37.32 41.20 42.81     0 0.032
 10  0 28 33.71 41.26 42.85     0 0.00 0.00 0.00     0 33.26 41.20 42.81     0 0.035
 10  0 28 33.71 41.26 42.85     0 0.00 0.00 0.00     0 34.03 41.20 42.81     0 0.036
 10  0 28 33.71 41.26 42.85     0 0.00 0.00 0.00     0 33.26 41.20 42.81     0 0.040
100  0 28 30.57 41.26 42.85     0 0.00 0.00 0.00     0 32.64 41.04 42.54     0 0.063
 10  0 28 32.42 41.26 42.85     0 0.00 0.00 0.00     0 31.86 41.21 42.82     0 0.058
 10  0 28 32.42 41.26 42.85     0 0.00 0.00 0.00     0 31.86 41.21 42.82     0 0.068
 10  0 28 32.42 41.26 42.85     0 0.00 0.00 0.00     0 31.86 41.21 42.82     0 0.074
 10  0 28 37.38 41.26 42.85     0 0.00 0.00 0.00     0 37.32 41.20 42.81     0 0.080
 10  0 28 37.38 41.26 42.85     0 0.00 0.00 0.00     0 37.32 41.20 42.81     0 0.068
 10  0 28 32.42 41.26 42.85     0 0.00 0.00 0.00     0 31.86 41.21 42.82     0 0.068
 10  0 28 32.42 41.26 42.85     0 0.00 0.00 0.00     0 31.86 41.21 42.82     0 0.154
 10  0 28 34.20 41.27 42.85     0 0.00 0.00 0.00     0 31.18 41.21 42.81     0 0.145
 10  0 28 34.20 41.27 42.85     0 0.00 0.00 0.00     0 31.18 41.21 42.81     0 0.165
 10  0 28 34.59 41.27 42.85     0 0.00 0.00 0.00     0 33.73 41.20 42.82     0 0.183
 10  0 28 34.59 41.27 42.85     0 0.00 0.00 0.00     0 33.73 41.20 42.82     0 0.125
 10  0 28 34.20 41.27 42.85     0 0.00 0.00 0.00     0 31.18 41.21 42.81     0 0.143
 10  0 28 34.20 41.27 42.85     0 0.00 0.00 0.00     0 31.18 41.21 42.81     0 0.164
 10  0 28 34.20 41.27 42.85     0 0.00 0.00 0.00     0 31.18 41.21 42.81     0 0.177
 10  0 28 34.20 41.27 42.85     0 0.00 0.00 0.00     0 31.18 41.21 42.81     0 0.151
 10  0 28 34.20 41.27 42.85     0 0.00 0.00 0.00     0 31.18 41.21 42.81     0 0.167
 10  0 28 34.20 41.27 42.85     0 0.00 0.00 0.00     0 31.18 41.21 42.81     0 0.160
 10  0 28 34.20 41.27 42.85     0 0.00 0.00 0.00     0 31.18 41.21 42.81     0 0.155
 10  0 28 25.91 41.26 42.85     0 0.00 0.00 0.00     0 29.95 41.20 42.81     0 0.055
 10  0 28 25.91 41.26 42.85     0 0.00 0.00 0.00     0 29.95 41.20 42.81     0 0.046
 10  0 28 28.33 41.26 42.85     0 0.00 0.00 0.00     0 31.67 41.20 42.81     0 0.047
 10  0 28 33.86 41.27 42.85     0 0.00 0.00 0.00     0 32.34 41.20 42.81     0 0.043
 10  0 28 33.86 41.27 42.85     0 0.00 0.00 0.00     0 32.34 41.20 42.81     0 0.247
 10  0 28 33.86 41.27 42.85     0 0.00 0.00 0.00     0 32.34 41.20 42.81     0 0.208
 10  0 28 34.20 41.27 42.85     0 0.00 0.00 0.00     0 31.18 41.21 42.81     0 0.352
 10  0 28 34.20 41.27 42.85     0 0.00 0.00 0.00     0 31.18 41.21 42.81     0 0.460
 10  0 28 34.46 41.26 42.85     0 0.00 0.00 0.00     0 29.82 41.20 42.81     0 0.044
 10  0 28 33.86 41.27 42.85     0 0.00 0.00 0.00     0 32.34 41.20 42.81     0 0.529
100  0 28 33.86 41.27 42.85     0 0.00 0.00 0.00     0 32.09 41.04 42.54     0 0.159
 10  0 28 33.49 41.27 42.85     0 0.00 0.00 0.00     0 31.08 41.20 42.81     0 0.170
 10  0 28 33.49 41.27 42.85     0 0.00 0.00 0.00     0 31.08 41.20 42.81     0 0.164
 10  0 28 35.65 41.27 42.85     0 0.00 0.00 0.00     0 34.80 41.21 42.81     0 0.220
 10  0 28 34.60 41.27 42.85     0 0.00 0.00 0.00     0 34.11 41.20 42.82     0 0.430
 10  0 28 34.60 41.27 42.85     0 0.00 0.00 0.00     0 34.11 41.20 42.82     0 0.045
 10  0 28 34.94 41.26 42.85     0 0.00 0.00 0.00     0 35.27 41.21 42.81     0 0.035
 10  0 28 34.60 41.27 42.85     0 0.00 0.00 0.00     0 34.11 41.20 42.82     0 0.044
 10  0 28 34.60 41.27 42.85     0 0.00 0.00 0.00     0 34.11 41.20 42.82     0 0.042
 10  0 28 34.60 41.27 42.85     0 0.00 0.00 0.00     0 34.11 41.20 42.82     0 0.037
 10  0 28 28.66 41.27 42.85     0 0.00 0.00 0.00     0 32.28 41.21 42.82     0 0.036
 10  0 28 28.66 41.27 42.85     0 0.00 0.00 0.00     0 29.06 40.92 42.36     0 0.017
 10  0 28 37.38 41.26 42.85     0 0.00 0.00 0.00     0 36.82 40.89 42.43     0 0.016
 10  0 28 28.66 41.27 42.85     0 0.00 0.00 0.00     0 29.06 40.92 42.36     0 0.017
 10  0 28 28.66 41.27 42.85     0 0.00 0.00 0.00     0 32.28 41.21 42.82     0 0.017
 10  0 28 28.66 41.27 42.85     0 0.00 0.00 0.00     0 32.28 41.21 42.82     0 0.017
 10  0 28 37.38 41.26 42.85     0 0.00 0.00 0.00     0 37.32 41.20 42.81     0 0.018
 10  0 28 37.38 41.26 42.85     0 0.00 0.00 0.00     0 37.32 41.20 42.81     0 0.017
 10  0 28 37.38 41.26 42.85     0 0.00 0.00 0.00     0 37.32 41.20 42.81     0 0.020
 10  0 28 37.38 41.26 42.85     0 0.00 0.00 0.00     0 37.32 41.20 42.81     0 0.019
 10  0 28 37.38 41.26 42.85     0 0.00 0.00 0.00     0 37.32 41.20 42.81     0 0.018
 10  0 28 27.69 41.26 42.85     0 0.00 0.00 0.00     0 25.08 41.20 42.81     0 0.019
 10  0 28 31.92 41.26 42.85     0 0.00 0.00 0.00     0 28.37 41.20 42.81     0 0.020
 10  0 28 36.11 41.26 42.85     0 0.00 0.00 0.00     0 35.41 41.20 42.81     0 0.017
 10  0 28 34.82 41.26 42.85     0 0.00 0.00 0.00     0 34.22 41.20 42.81     0 0.019
 10  0 28 30.77 41.26 42.85     0 0.00 0.00 0.00     0 27.93 41.20 42.81     0 0.020
 10  0 28 34.45 41.26 42.85     0 0.00 0.00 0.00     0 30.90 41.20 42.81     0 0.019
 10  0 28 36.77 41.26 42.85     0 0.00 0.00 0.00     0 36.63 41.20 42.81     0 0.018
 10  0 28 36.10 41.26 42.85     0 0.00 0.00 0.00     0 36.06 41.20 42.81     0 0.020
 10  0 28 31.92 41.26 42.85     0 0.00 0.00 0.00     0 28.37 41.20 42.81     0 0.019
 10  0 28 21.16 41.26 42.85     0 0.00 0.00 0.00     0 20.69 41.20 42.81     0 0.021
 10  0 28 26.24 41.26 42.85     0 0.00 0.00 0.00     0 25.10 41.20 42.81     0 0.020
 10  0 28 34.13 41.26 42.85     0 0.00 0.00 0.00     0 30.72 41.20 42.81     0 0.018
 10  0 28 36.77 41.26 42.85     0 0.00 0.00 0.00     0 36.63 41.20 42.81     0 0.020
 10  0 28 36.10 41.26 42.85     0 0.00 0.00 0.00     0 36.06 41.20 42.81     0 0.018
 10  0 28 35.50 41.26 42.85     0 0.00 0.00 0.00     0 35.50 41.20 42.81     0 0.018
 10  0 28 35.08 41.26 42.85     0 0.00 0.00 0.00     0 35.03 41.20 42.81     0 0.020
 10  0 28 36.10 41.26 42.85     0 0.00 0.00 0.00     0 36.06 41.20 42.81     0 0.019
 10  0 28 35.81 41.26 42.85     0 0.00 0.00 0.00     0 35.76 41.20 42.81     0 0.019
 10  0 28 36.98 41.26 42.85     0 0.00 0.00 0.00     0 36.92 41.20 42.81     0 0.018
 10  0 28 35.57 41.26 42.85     0 0.00 0.00 0.00     0 35.53 41.20 42.81     0 0.020
 10  0 28 36.45 41.26 42.85     0 0.00 0.00 0.00     0 36.32 41.20 42.81     0 0.018
 10  0 28 36.45 41.26 42.85     0 0.00 0.00 0.00     0 36.32 41.20 42.81     0 0.018
 10  0 28 35.57 41.26 42.85     0 0.00 0.00 0.00     0 35.53 41.20 42.81     0 0.020
 10  0 28 35.57 41.26 42.85     0 0.00 0.00 0.00     0 35.53 41.20 42.81     0 0.020
 10  0 28 35.57 41.26 42.85     0 0.00 0.00 0.00     0 35.53 41.20 42.81     0 0.021
 10  0 28 29.11 41.27 42.85     0 0.00 0.00 0.00     0 29.06 41.21 42.81     0 0.018
 10  0 28 34.46 41.26 42.85     0 0.00 0.00 0.00     0 34.51 41.20 42.81     0 0.019
 10  0 28 32.86 41.26 42.85     0 0.00 0.00 0.00     0 32.91 41.20 42.81     0 0.021
 10  0 28 30.68 41.26 42.85     0 0.00 0.00 0.00     0 30.65 41.21 42.81     0 0.020
 10  0 28 34.77 41.26 42.85     0 0.00 0.00 0.00     0 34.69 41.20 42.82     0 0.018
 10  0 28 35.57 41.26 42.85     0 0.00 0.00 0.00     0 35.53 41.20 42.81     0 0.021
 10  0 28 34.02 41.26 42.85     0 0.00 0.00 0.00     0 33.88 41.20 42.81     0 0.018
 10  0 28 30.77 41.26 42.85     0 0.00 0.00 0.00     0 31.26 41.20 42.81     0 0.019
 10  0 28 35.32 41.26 42.85     0 0.00 0.00 0.00     0 35.27 41.20 42.81     0 0.019
 10  0 28 36.86 41.26 42.85     0 0.00 0.00 0.00     0 36.77 41.20 42.81     0 0.019
 10  0 28 35.32 41.26 42.85     0 0.00 0.00 0.00     0 35.27 41.20 42.81     0 0.019
 10  0 28 35.32 41.26 42.85     0 0.00 0.00 0.00     0 36.32 40.84 42.38     0 0.019
 10  0 28 28.32 41.27 42.85     0 0.00 0.00 0.00     0 27.61 41.21 42.81     0 0.019
 10  0 28 35.32 41.26 42.85     0 0.00 0.00 0.00     0 35.27 41.20 42.81     0 0.017
 10  0 28 35.32 41.26 42.85     0 0.00 0.00 0.00     0 35.27 41.20 42.81     0 0.017
 10  0 28 36.20 41.26 42.85     0 0.00 0.00 0.00     0 36.18 41.20 42.81     0 0.017
 10  0 28 36.27 41.26 42.85     0 0.00 0.00 0.00     0 36.17 41.20 42.81     0 0.017
 10  0 28 36.20 41.26 42.85     0 0.00 0.00 0.00     0 36.18 41.20 42.81     0 0.017
 10  0 28 36.25 41.26 42.85     0 0.00 0.00 0.00     0 35.91 41.20 42.81     0 0.019
 10  0 28 36.27 41.26 42.85     0 0.00 0.00 0.00     0 36.17 41.20 42.81     0 0.017
 10  0 28 25.95 41.26 42.85     0 0.00 0.00 0.00     0 28.90 41.20 42.81     0 0.019
 10  0 28 35.89 41.26 42.85     0 0.00 0.00 0.00     0 35.87 41.20 42.81     0 0.018
 20  0 28 35.89 41.26 42.85     0 0.00 0.00 0.00     0 35.76 41.17 42.84     0 0.021
 20  0 28 35.89 41.26 42.85     0 0.00 0.00 0.00     0 35.76 41.17 42.84     0 0.021
 20  0 28 35.51 41.26 42.85     0 0.00 0.00 0.00     0 35.44 41.17 42.84     0 0.021
 20  0 28 35.52 41.26 42.85     0 0.00 0.00 0.00     0 35.46 41.17 42.84     0 0.022
 20  0 28 35.52 41.26 42.85     0 0.00 0.00 0.00     0 35.46 41.17 42.84     0 0.021
 10  0 28 35.49 41.26 42.85     0 0.00 0.00 0.00     0 35.44 41.20 42.81     0 0.020
 10  0 28 35.49 41.26 42.85     0 0.00 0.00 0.00     0 35.44 41.20 42.81     0 0.019
 10  0 28 35.69 41.26 42.85     0 0.00 0.00 0.00     0 35.89 41.20 42.81     0 0.019
 10  0 28 33.93 41.26 42.85     0 0.00 0.00 0.00     0 35.17 41.20 42.81     0 0.016
 10  0 28 32.52 41.26 42.85     0 0.00 0.00 0.00     0 34.32 41.20 42.81     0 0.019
 10  0 28 32.50 41.26 42.85     0 0.00 0.00 0.00     0 34.29 41.20 42.81     0 0.019
 10  0 28 35.69 41.26 42.85     0 0.00 0.00 0.00     0 35.89 41.20 42.81     0 0.019
 10  0 28 35.89 41.26 42.85     0 0.00 0.00 0.00     0 35.87 41.20 42.81     0 0.017
 10  0 28 35.11 41.26 42.85     0 0.00 0.00 0.00     0 35.03 41.20 42.81     0 0.017
 10  0 28 35.30 41.26 42.85     0 0.00 0.00 0.00     0 35.16 41.20 42.81     0 0.017
 10  0 28 35.50 41.26 42.85     0 0.00 0.00 0.00     0 35.34 41.20 42.81     0 0.020
 10  0 28 35.68 41.26 42.85     0 0.00 0.00 0.00     0 35.52 41.20 42.81     0 0.019
 20  0 28 35.68 41.26 42.85     0 0.00 0.00 0.00     0 35.42 41.17 42.84     0 0.023
 10  0 28 35.68 41.26 42.85     0 0.00 0.00 0.00     0 35.52 41.20 42.81     0 0.019
 10  0 28 9.38 21.44 20.05     0 0.00 0.00 0.00     0 9.53 21.34 19.90     0 0.019
 20  0 28 33.60 36.68 36.42     0 0.00 0.00 0.00     0 33.51 36.81 36.40     0 0.021
 20  0 28 33.14 36.68 36.42     0 0.00 0.00 0.00     0 33.04 36.81 36.40     0 0.023
 20  0 28 33.28 36.68 36.42     0 0.00 0.00 0.00     0 33.18 36.81 36.40     0 0.025
 20  0 28 32.91 36.68 36.42     0 0.00 0.00 0.00     0 32.80 36.81 36.40     0 0.023
 20  0 28 32.91 36.68 36.42     0 0.00 0.00 0.00     0 32.80 36.81 36.40     0 0.020
 20  0 28 35.03 41.26 42.85     0 0.00 0.00 0.00     0 34.82 41.17 42.84     0 0.020
 20  0 28 36.41 41.26 42.85     0 0.00 0.00 0.00     0 36.17 41.17 42.84     0 0.020
 20  0 28 35.64 41.26 42.85     0 0.00 0.00 0.00     0 35.31 41.17 42.84     0 0.023
 20  0 28 35.71 41.26 42.85     0 0.00 0.00 0.00     0 35.37 41.17 42.84     0 0.022
 20  0 28 35.50 41.26 42.85     0 0.00 0.00 0.00     0 35.24 41.17 42.84     0 0.021
 20  0 28 35.41 41.26 42.85     0 0.00 0.00 0.00     0 35.33 41.17 42.84     0 0.019
 20  0 28 35.52 41.26 42.85     0 0.00 0.00 0.00     0 35.46 41.17 42.84     0 0.022
 20  0 28 34.44 41.27 42.85     0 0.00 0.00 0.00     0 34.19 41.17 42.84     0 0.020
 20  0 28 35.32 41.26 42.85     0 0.00 0.00 0.00     0 35.06 41.17 42.84     0 0.021
 20  0 28 35.50 41.26 42.85     0 0.00 0.00 0.00     0 35.24 41.17 42.84     0 0.019
 20  0 28 35.50 41.26 42.85     0 0.00 0.00 0.00     0 35.24 41.17 42.84     0 0.023
 20  0 28 35.50 41.26 42.85     0 0.00 0.00 0.00     0 35.24 41.17 42.84     0 0.047
 20  0 28 35.50 41.26 42.85     0 0.00 0.00 0.00     0 35.24 41.17 42.84     0 0.027
 20  0 28 35.91 41.26 42.85     0 0.00 0.00 0.00     0 35.55 41.17 42.84     0 0.043
 20  0 28 35.91 41.26 42.85     0 0.00 0.00 0.00     0 35.55 41.17 42.84     0 0.043
 20  0 28 35.91 41.26 42.85     0 0.00 0.00 0.00     0 35.55 41.17 42.84     0 0.045
 20  0 28 35.91 41.26 42.85     0 0.00 0.00 0.00     0 35.55 41.17 42.84     0 0.044
 20  0 28 35.91 41.26 42.85     0 0.00 0.00 0.00     0 35.55 41.17 42.84     0 0.044
 20  0 28 35.91 41.26 42.85     0 0.00 0.00 0.00     0 35.55 41.17 42.84     0 0.043
 20  0 28 35.50 41.26 42.85     0 0.00 0.00 0.00     0 35.24 41.17 42.84     0 0.043
 20  0 28 35.50 41.26 42.85     0 0.00 0.00 0.00     0 35.24 41.17 42.84     0 0.047
 20  0 28 35.50 41.26 42.85     0 0.00 0.00 0.00     0 35.24 41.17 42.84     0 0.045
 20  0 28 35.50 41.26 42.85     0 0.00 0.00 0.00     0 35.24 41.17 42.84     0 0.046
 20  0 28 35.50 41.26 42.85     0 0.00 0.00 0.00     0 35.24 41.17 42.84     0 0.044
 20  0 28 35.50 41.26 42.85     0 0.00 0.00 0.00     0 35.24 41.17 42.84     0 0.048
 20  0 28 35.50 41.26 42.85     0 0.00 0.00 0.00     0 35.24 41.17 42.84     0 0.044
 20  0 28 35.50 41.26 42.85     0 0.00 0.00 0.00     0 35.24 41.17 42.84     0 0.045
 20  0 28 35.50 41.26 42.85     0 0.00 0.00 0.00     0 35.24 41.17 42.84     0 3.420
 20  0 28 35.50 41.26 42.85     0 0.00 0.00 0.00     0 35.24 41.17 42.84     0 3.371
 20  0 28 37.38 41.26 42.85     0 0.00 0.00 0.00     0 37.20 41.17 42.84     0 0.046
 20  0 28 37.38 41.26 42.85     0 0.00 0.00 0.00     0 37.20 41.17 42.84     0 0.043
 20  0 28 35.32 41.26 42.85     0 0.00 0.00 0.00     0 35.13 41.17 42.84     0 0.045
 20  0 28 35.32 41.26 42.85     0 0.00 0.00 0.00     0 35.13 41.17 42.84     0 0.047
 20  0 28 34.95 41.26 42.85     0 0.00 0.00 0.00     0 34.77 41.17 42.84     0 0.047
 20  0 28 35.51 41.26 42.85     0 0.00 0.00 0.00     0 35.32 41.17 42.84     0 0.053
 20  0 28 35.51 41.26 42.85     0 0.00 0.00 0.00     0 35.32 41.17 42.84     0 0.056
