, 3983
, 5482
, 3075
, 603
, 5109
, 1321
, 22
, 0
, 0
, 0
, 0
, 2625
, 5944
, 5629
, 581
, 637
, 0
, 17
, 0
, 15
, 4913
, 3737
, 139
, 3634
, 6281
, 1264
, 1699
, 6202
, 1555
, 656
, 22
, 2767
, 4527
, 0
, 5864
, 1470
, 1837
, 3546
, 1802
, 3944
, 0
, 26
, 1168
, 5540
, 707
, 4656
, 4591
, 5836
, 4456
, 1804
, 614
, 0
, 0
, 6375
, 607
, 0
, 6199
, 6235
, 2324
, 6477
, 5108
, 1430
, 1765
, 118
, 3167
, 609
, 0
, 6
, 1140
, 6283
, 6540
, 4867
, 2460
, 442
, 6112
, 6072
, 1
, 0
, 0
, 9
, 3533
, 1626
, 2796
, 507
, 235
, 177
, 3588
, 1
, 201
, 6335
, 6461
, 3373
, 3551
, 6156
, 5574
, 5024
, 4358
, 4740
, 4446
, 4546
, 4565
, 0
, 0
, 0
, 0
, 5492
, 3840
, 3584
, 3490
, 0
, 0
, 0
, 0
, 14
, 2963
, 2607
, 2483
, 911
, 5074
, 3506
, 3165
, 4675
, 545
, 0
, 2
, 4071
, 679
, 0
, 492
, 1776
, 4703
, 3221
, 4748
, 1626
, 20
, 2083
, 4
, 4167
, 4276
, 2596
, 3018
, 5632
, 341
, 1637
, 290
, 5556
, 22
, 3615
, 1
, 0
, 3987
, 5
, 300
, 1291
, 3519
, 172
, 15
, 20
, 14
, 17
, 259
, 12
, 6434
, 1752
, 5321
, 2052
, 280
, 563
, 2752
, 0
, 11
, 0
, 16
, 1017
, 1810
, 410
, 77
, 47
, 503
, 357
, 244
, 2441
, 5968
, 6375
, 402
, 16
, 2023
, 6231
, 6192
, 5529
, 496
, 2361
, 4697
, 335
, 0
, 0
, 0
, 0
, 5620
, 2259
, 3829
, 4092
, 0
, 0
, 165
, 26
, 18
, 46
, 5383
, 6467
, 3297
, 6446
, 4996
, 1569
, 2930
, 0
, 2
, 532
, 2122
, 1652
, 664
, 6141
, 5601
, 3709
, 2637
, 2670
, 184
, 0
, 439
, 3514
, 5664
, 2376
, 5287
, 6287
, 4164
, 6360
, 503
, 1538
, 10
, 9
, 2363
, 262
, 0
, 1245
, 15
, 5603
, 5859
, 1058
, 0
, 0
, 143
, 471
, 2671
, 0
, 419
, 4975
, 1539
, 303
, 4861
, 11
, 312
, 462
, 526
, 55
, 17
, 314
, 4514
, 1862
, 2468
, 23
, 453
, 1769
, 2140
, 1958
, 134
, 2045
, 2822
, 678
, 5418
, 3562
, 5825
, 2074
, 1626
, 3040
, 2079
, 1449
, 4789
, 0
, 0
, 0
, 9
, 3657
, 3981
, 1301
, 17
, 665
, 0
, 2
, 0
, 1
, 1860
, 5664
, 2088
, 2943
, 6076
, 2726
, 219
, 5049
, 4681
, 130
, 407
, 608
, 5816
, 0
, 1758
, 3710
, 1205
, 1024
, 690
, 1388
, 18
, 1747
, 5937
, 748
, 823
, 4536
, 1100
, 4913
, 5982
, 2063
, 0
, 25
, 5946
, 19
, 0
, 240
, 3359
, 181
, 5083
, 4944
, 0
, 0
, 6482
, 5728
, 19
, 24
, 383
, 2866
, 2935
, 5462
, 2954
, 9
, 14
, 1514
, 4791
, 0
, 578
, 0
, 286
, 743
, 1484
, 6490
, 21
, 6160
, 144
, 25
, 652
, 6253
, 3849
, 3443
, 727
, 1614
, 2897
, 4570
, 5994
, 1695
, 91
, 4253
, 4594
, 799
, 0
, 0
, 0
, 0
, 4719
, 1503
, 2011
, 6393
, 0
, 0
, 3
, 0
, 7
, 4332
, 3792
, 1733
, 330
, 886
, 701
, 2550
, 351
, 265
, 596
, 59
, 1134
, 148
, 4563
, 5756
, 4213
, 865
, 4345
, 2956
, 1397
, 15
, 10
, 4367
, 4472
, 5117
, 2142
, 5342
, 3676
, 3399
, 665
, 1780
, 0
, 4
, 5265
, 13
, 0
, 4430
, 2220
, 5402
, 362
, 3831
, 6247
, 17
, 576
, 5886
, 2936
, 0
, 114
, 2262
, 3220
, 260
, 5831
, 6441
, 527
, 137
, 5589
, 6161
, 5938
, 2
, 6410
, 5217
, 6234
, 5947
, 3400
, 3959
, 0
, 1515
, 5586
, 5254
, 2625
, 58
, 1578
, 120
, 20
, 1995
, 3093
, 4872
, 1254
, 5208
, 3039
, 3968
, 3044
, 2
, 0
, 0
, 0
, 4801
, 5091
, 10
, 0
, 0
, 0
, 25
, 221
, 19
, 6215
, 3390
, 788
, 4294
, 5010
, 3712
, 2445
, 598
, 3447
, 8
, 22
, 1723
, 1680
, 28
, 5501
, 5095
, 639
, 5071
, 0
, 2291
, 342
, 20
, 3184
, 6470
, 1173
, 5924
, 1142
, 3115
, 2507
, 2406
, 2598
, 0
, 22
, 4686
, 2
, 0
, 585
, 423
, 1528
, 435
, 1303
, 18
, 0
, 24
, 255
, 226
, 24
, 235
, 2843
, 1437
, 281
, 1340
, 5686
, 189
, 5101
, 6
, 16
, 149
, 732
, 4780
, 3629
, 4002
, 4258
, 6501
, 5518
, 2179
, 1287
, 432
, 5707
, 2757
, 499
, 5663
, 4624
, 3798
, 1012
, 1453
, 386
, 4431
, 565
, 4084
, 12
, 0
, 0
, 26
, 2908
, 1054
, 5662
, 0
, 0
, 930
, 590
, 0
, 9
, 3317
, 1397
, 5039
, 3460
, 434
, 1052
, 5586
, 189
, 13
, 179
, 216
, 4305
, 4537
, 0
, 2242
, 1513
, 901
, 389
, 5597
, 5461
, 1146
, 167
, 6476
, 3925
, 4086
, 3214
, 41
, 4563
, 4098
, 1586
, 3048
, 0
, 15
, 1116
, 127
, 0
, 760
, 540
, 2071
, 4575
, 2201
, 9
, 0
, 172
, 5174
, 214
, 16
, 729
, 572
, 4547
, 4449
, 3803
, 658
, 229
, 4837
, 4379
, 22
, 567
, 376
, 1655
, 992
, 792
, 2678
, 5510
, 3276
, 3463
, 2153
, 702
, 1505
, 6447
, 2077
, 0
, 1953
, 4832
, 4960
, 475
, 2493
, 845
, 112
, 6009
, 905
, 0
, 0
, 0
, 0
, 4280
, 5988
, 4347
, 6
, 9
, 0
, 0
, 2
, 704
, 54
, 3214
, 5215
, 1278
, 5832
, 1075
, 4470
, 1920
, 5347
, 266
, 6013
, 2505
, 215
, 0
, 3215
, 2623
, 2420
, 3409
, 5925
, 4324
, 327
, 524
, 2591
, 5251
, 2408
, 1633
, 3315
, 4143
, 2152
, 1011
, 6249
, 6
, 14
, 5697
, 25
, 0
, 483
, 606
, 1858
, 5565
, 3805
, 1024
, 16
, 5206
, 1615
, 2609
, 129
, 2605
, 3771
, 2952
, 387
, 4056
, 0
, 96
, 2467
, 39
, 0
, 13
, 1114
, 6348
, 24
, 6304
, 2266
, 3861
, 21
, 2218
, 4666
, 3869
, 4182
, 5708
, 2373
, 661
, 874
, 1364
, 1780
, 2011
, 4460
, 474
, 411
, 577
, 6439
, 5
, 0
, 0
, 9
, 3951
, 1350
, 1389
, 3221
, 754
, 0
, 0
, 0
, 3756
, 306
, 5912
, 3201
, 5967
, 4725
, 4415
, 1908
, 24
, 95
, 190
, 5204
, 3242
, 0
, 958
, 5945
, 562
, 1605
, 5578
, 4806
, 7
, 2104
, 2288
, 4312
, 4730
, 3447
, 5021
, 5161
, 6539
, 3087
, 2376
, 0
, 2
, 6162
, 486
, 0
, 7
, 2659
, 4867
, 5938
, 4173
, 6368
, 2364
, 4324
, 6486
, 0
, 660
, 5082
, 973
, 0
, 2985
, 4824
, 2308
, 5952
, 1222
, 0
, 0
, 3182
, 2749
, 4136
, 4490
, 5581
, 4466
, 4847
, 5545
, 2947
, 3
, 3994
, 4554
, 199
, 1630
, 2818
, 2289
, 5445
, 2111
, 3967
, 1905
, 4631
, 23
, 2747
, 6
, 0
, 0
, 217
, 110
, 5512
, 5789
, 1289
, 3147
, 115
, 0
, 74
, 26
, 255
, 702
, 1242
, 1381
, 3468
, 2262
, 2237
, 1462
, 22
, 3473
, 486
, 2327
, 5481
, 5066
, 1938
, 4497
, 1365
, 2926
, 1670
, 6284
, 5651
, 71
, 652
, 3299
, 6100
, 1603
, 2742
, 2049
, 4472
, 567
, 5312
, 0
, 9
, 3503
, 1745
, 0
, 0
, 1881
, 0
, 3067
, 2370
, 5476
, 2214
, 474
, 6380
, 0
, 0
, 595
, 6367
, 6313
, 6365
, 5831
, 1025
, 657
, 1272
, 341
, 0
, 533
, 2367
, 332
, 5872
, 4157
, 205
, 1735
, 127
, 5038
, 11
, 2209
, 5738
, 767
, 192
, 4808
, 5000
, 2111
, 47
, 2691
, 5086
, 4310
, 2974
, 647
, 24
, 0
, 0
, 1
, 2332
, 597
, 189
, 2978
, 129
, 30
, 0
, 0
, 12
, 202
, 3647
, 956
, 171
, 3429
, 6014
, 4919
, 4658
, 2895
, 6370
, 468
, 3340
, 365
, 170
, 2842
, 1922
, 5538
, 931
, 6193
, 2008
, 225
, 1560
, 2712
, 1840
, 5253
, 2785
, 5407
, 5296
, 5683
, 2547
, 270
, 0
, 22
, 1895
, 6
, 0
, 16
, 73
, 24
, 1620
, 1814
, 704
, 5032
, 107
, 21
, 456
, 0
, 735
, 245
, 159
, 3449
, 6363
, 2511
, 174
, 764
, 1723
, 2
, 24
, 5381
, 2248
, 6363
, 1074
, 5513
, 0
, 218
, 65
, 2517
, 4495
, 6329
, 4919
, 3561
, 594
, 249
, 5769
, 2741
, 4954
, 252
, 2862
, 3835
, 2338
, 932
, 0
, 0
, 0
, 0
, 2637
, 788
, 1265
, 6340
, 679
, 3517
, 0
, 2109
, 0
, 9
, 5566
, 3523
, 5514
, 5544
, 3377
, 3973
, 735
, 3355
, 2556
, 3617
, 25
, 5375
, 1333
, 6189
, 885
, 4046
, 4398
, 2995
, 2678
, 4993
, 1509
, 487
, 5223
, 2443
, 3093
, 486
, 6172
, 4682
, 3685
, 953
, 3607
, 0
, 13
, 5973
, 12
, 0
, 0
, 4425
, 11
, 3324
, 5333
, 273
, 0
, 3672
, 5874
, 0
, 0
, 313
, 1585
, 75
, 19
, 3254
, 705
, 613
, 957
, 6369
, 236
, 19
, 2926
, 608
, 1918
, 3833
, 3500
, 1833
, 3936
, 2975
, 3065
, 92
, 2513
, 2700
, 6017
, 1395
, 3
, 1018
, 4611
, 5703
, 2445
, 170
, 3731
, 367
, 5067
, 6149
, 0
, 0
, 0
, 0
, 763
, 1188
, 2335
, 329
, 2278
, 4882
, 0
, 10
, 670
, 0
, 144
, 6479
, 6321
, 6538
, 5107
, 6325
, 4525
, 3085
, 406
, 1
, 3945
, 4178
, 1422
, 1925
, 3455
, 2028
, 3370
, 4860
, 3009
, 113
, 1
, 110
, 4300
, 2748
, 2838
, 5894
, 1075
, 2423
, 2191
, 2699
, 4174
, 0
, 20
, 4772
, 0
, 0
, 0
, 2574
, 4815
, 1774
, 3615
, 5315
, 410
, 0
, 361
, 24
, 1643
, 25
, 1592
, 0
, 4747
, 2436
, 243
, 163
, 6450
, 221
, 0
, 1077
, 1172
, 119
, 5716
, 4012
, 5317
, 646
, 641
, 2030
, 1550
, 4670
, 1181
, 4287
, 2699
, 614
, 5521
, 4343
, 611
, 2529
, 3420
, 2112
, 354
, 4381
, 1686
, 0
, 0
, 0
, 0
, 3788
, 3989
, 2759
, 3482
, 2309
, 19
, 4732
, 0
, 10
, 19
, 2206
, 927
, 5044
, 3396
, 3575
, 4776
, 4011
, 220
, 19
, 0
, 4862
, 5408
, 0
, 476
, 4015
, 3504
, 3684
, 2607
, 410
, 413
, 433
, 1874
, 4707
, 2077
, 5224
, 14
, 6077
, 5859
, 1027
, 5149
, 2691
, 0
, 6085
, 318
, 664
, 0
, 0
, 1826
, 322
, 3503
, 8
, 0
, 0
, 0
, 187
, 591
, 4027
, 3707
, 4693
, 13
, 337
, 5067
, 4482
, 6116
, 406
, 1207
, 24
, 0
, 5000
, 542
, 4415
, 3794
, 247
, 794
, 167
, 5403
, 3181
, 700
, 3462
, 4426
, 4200
, 810
, 1656
, 2940
, 4360
, 3203
, 2543
, 4192
, 2421
, 1962
, 5973
, 403
, 8
, 22
, 0
, 0
, 0
, 3656
, 3343
, 723
, 836
, 2958
, 18
, 0
, 0
, 556
, 11
, 972
, 5518
, 2524
, 273
, 5287
, 6372
, 4096
, 980
, 1
, 409
, 234
, 2095
, 308
, 5313
, 1159
, 591
, 5997
, 2415
, 5333
, 1
, 21
, 22
, 437
, 2595
, 5602
, 4710
, 1344
, 3879
, 814
, 16
, 3202
, 11
, 20
, 1836
, 24
, 0
, 5
, 3519
, 5340
, 5515
, 2497
, 0
, 0
, 14
, 62
, 0
, 8
, 132
, 3652
, 4511
, 3717
, 707
, 3272
, 11
, 4141
, 3905
, 0
, 0
, 2071
, 10
, 3103
, 1009
, 2329
, 5014
, 520
, 5640
, 5360
, 742
, 21
, 4800
, 4829
, 2687
, 6335
, 1124
, 4034
, 3153
, 4528
, 168
, 3335
, 6198
, 3169
, 2212
, 5303
, 41
, 1
, 0
, 0
, 5108
, 5539
, 662
, 3652
, 2192
, 4350
, 5785
, 2865
, 0
, 0
, 22
, 4859
, 2692
, 6474
, 5683
, 4819
, 668
, 969
, 18
, 395
, 581
, 1883
, 1364
, 1594
, 1804
, 4643
, 3276
, 1640
, 6540
, 1118
, 4307
, 6344
, 5027
, 3027
, 4823
, 2977
, 2226
, 500
, 3906
, 4272
, 4978
, 0
, 5006
, 140
, 20
, 0
, 7
, 2789
, 2088
, 6374
, 96
, 9
, 1668
, 14
, 5843
, 4440
, 16
, 8
, 4884
, 23
, 3134
, 6427
, 1457
, 605
, 3545
, 475
, 1096
, 9
, 1722
, 0
, 2002
, 1345
, 3020
, 2557
, 1601
, 0
, 1043
, 5357
, 4544
, 4636
, 4009
, 88
, 680
, 3057
, 2680
, 1160
, 3565
, 6
, 3762
, 5488
, 495
, 3619
, 10
, 0
, 0
, 0
, 1494
, 3393
, 2177
, 2157
, 199
, 1608
, 6093
, 15
, 10
, 26
, 15
, 144
, 2607
, 5095
, 15
, 547
, 4623
, 2542
, 395
, 583
, 5737
, 2330
, 3489
, 1979
, 911
, 699
, 5724
, 4987
, 3201
, 580
, 3
, 5750
, 806
, 1094
, 2280
, 1891
, 1575
, 5965
, 1947
, 3541
, 1908
, 493
, 12
, 573
, 1128
, 0
, 0
, 0
, 3000
, 4812
, 1362
, 1623
, 1
, 2138
, 997
, 180
, 4188
, 6
, 8
, 5718
, 58
, 984
, 4592
, 4442
, 4435
, 6176
, 19
, 0
, 894
, 0
, 969
, 873
, 3112
, 2938
, 2218
, 0
, 3432
, 2136
, 4580
, 1753
, 5907
, 1501
, 1830
, 2158
, 546
, 793
, 3797
, 3351
, 1768
, 3168
, 3291
, 0
, 0
, 0
, 0
, 0
, 3239
, 1771
, 3053
, 3941
, 4120
, 6220
, 761
, 11
, 0
, 21
, 307
, 6224
, 876
, 1400
, 3956
, 355
, 1377
, 0
, 517
, 8
, 24
, 5145
, 6020
, 0
, 2417
, 5330
, 1023
, 699
, 5151
, 14
, 0
, 2702
, 2146
, 819
, 5458
, 4126
, 1785
, 2769
, 4954
, 5291
, 4839
, 3133
, 19
, 40
, 2374
, 695
, 0
, 5
, 4821
, 16
, 945
, 461
, 0
, 2663
, 1039
, 5951
, 696
, 25
, 6038
, 5466
, 1250
, 2001
, 2906
, 6181
, 623
, 67
, 12
, 6502
, 1
, 4258
, 3373
, 2538
, 0
, 459
, 0
, 3804
, 1368
, 1570
, 2075
, 2897
, 6284
, 437
, 2844
, 4970
, 3718
, 575
, 1414
, 3995
, 241
, 5251
, 0
, 0
, 0
, 0
, 15
, 889
, 5758
, 6272
, 6108
, 3139
, 3572
, 1775
, 4959
, 25
, 21
, 26
, 5517
, 3585
, 2257
, 5650
, 893
, 3929
, 3542
, 25
, 4111
, 4161
, 4588
, 6489
, 5868
, 4094
, 1958
, 3575
, 5925
, 165
, 3097
, 479
, 5619
, 6439
, 5868
, 3441
, 2446
, 4422
, 3773
, 6135
, 512
, 22
, 704
, 2511
, 0
, 0
, 0
, 4042
, 10
, 4258
, 1847
, 908
, 0
, 0
, 5669
, 1842
, 6
, 0
, 599
, 390
, 1260
, 2901
, 6459
, 1858
, 4508
, 51
, 19
, 16
, 727
, 6027
, 3730
, 2244
, 4283
, 6488
, 267
, 4382
, 119
, 6430
, 2529
, 5348
, 3487
, 186
, 950
, 5869
, 1276
, 3937
, 542
, 1108
, 5996
, 1809
, 0
, 0
, 0
, 0
, 0
, 3289
, 3900
, 4
, 2228
, 2931
, 5651
, 2336
, 0
, 0
, 14
, 224
, 5220
, 1493
, 2665
, 554
, 5935
, 0
, 90
, 2883
, 1662
, 5780
, 2018
, 6298
, 87
, 5900
, 2712
, 2
, 0
, 457
, 3917
, 5473
, 1892
, 576
, 332
, 5188
, 65
, 3828
, 371
, 5936
, 16
, 2003
, 2886
, 0
, 0
, 9
, 3469
, 405
, 6050
, 181
, 8
, 0
, 0
, 3437
, 5368
, 0
, 14
, 453
, 5553
, 6459
, 960
, 3718
, 12
, 10
, 4210
, 4
, 0
, 6432
, 2538
, 5959
, 4339
, 1729
, 6540
, 0
, 0
, 4907
, 5301
, 2329
, 3595
, 79
, 2459
, 5566
, 4883
, 3978
30227
12043
22758
7164
5109
7882
22
0
0
0
0
2625
25627
5629
581
637
0
17
0
15
4913
3737
13261
10195
32525
1264
8260
6202
8116
656
22
29011
30771
0
25547
21153
21520
29790
14924
30188
0
26
20851
18662
13829
30900
17713
18958
17578
8365
614
0
0
26058
607
0
12760
19357
2324
6477
5108
21113
14887
19801
22850
609
0
6
27384
19405
6540
31111
28704
442
32356
6072
1
0
0
9
23216
1626
9357
507
13357
177
3588
1
201
12896
13022
9934
10112
12717
18696
11585
24041
24423
24129
24229
4565
0
0
0
0
12053
16962
3584
29734
0
0
0
0
14
2963
2607
2483
911
11635
10067
22848
4675
545
0
2
23754
679
0
20175
21459
17825
3221
17870
1626
20
15205
4
23850
17398
22279
22701
12193
341
1637
290
5556
22
10176
1
0
10548
5
300
14413
16641
19855
15
13142
14
17
259
12
32678
1752
18443
8613
280
563
9313
0
11
0
16
1017
14932
410
77
47
503
20040
6805
9002
19090
19497
402
16
15145
19353
19314
18651
26740
22044
11258
335
0
0
0
0
12181
28503
3829
23775
0
0
165
26
18
46
31627
6467
29541
26129
31240
8130
29174
0
2
532
8683
8213
664
25824
5601
23392
15759
2670
184
0
439
10075
18786
15498
24970
6287
23847
32604
503
21221
0
9
2363
262
0
7806
15
12164
25542
7619
1230
7591
6704
471
9232
0
419
4975
1539
303
11422
11
15
13584
13648
55
17
314
11075
21545
28712
17546
18678
0
15262
8519
13985
587
15944
2865
18
23245
25508
28318
27870
9601
28323
21132
24472
27152
0
0
0
12
17103
14423
3527
17
725
0
3
0
24
5664
2088
2943
12637
2726
26463
5049
4681
1588
407
608
32060
21221
0
29954
20888
14146
690
659
12843
19
5937
748
27067
4536
20783
18035
32226
15185
7038
0
6
11224
7
0
3359
32257
709
4944
14955
0
0
25411
21025
24
5
679
9496
18584
9515
17964
14
56
17913
16142
0
78
0
14
14606
26173
24429
4
6705
20626
4
421
10410
16565
16036
156
29141
30814
5994
8256
6652
23936
30838
20482
1355
0
0
0
0
14625
2011
32637
4186
0
0
19
0
12
10353
21416
13452
14008
7262
22233
5454
265
596
59
14256
148
11124
12317
4213
27109
24028
29200
1397
21318
10
20
24155
31361
15264
11903
3676
29643
26909
322
3561
0
0
1282
18
0
2220
5402
6923
3831
19369
3878
9
19008
22619
4288
0
75
9781
26504
12392
32685
25313
137
5589
12722
5938
19037
0
114
6234
12508
9961
3959
6493
0
25269
24937
438
58
14700
13971
6581
15117
16215
24555
7815
18330
3039
30212
29288
28082
10
0
0
0
24774
8380
7
0
0
0
5
343
5
23073
788
23977
18132
29956
28689
26113
531
12941
22
22
1680
28
398
24778
7200
5071
1885
0
1071
398
25
26153
14295
32168
20825
9676
15629
28650
2598
3309
0
15
30080
18
0
423
1528
26679
7864
29421
8
0
12
7516
24
19
656
27681
19964
1340
5686
6021
727
14721
16
14
3
17902
10190
17124
4258
13062
31762
28423
27531
4806
604
9318
5602
560
24307
23481
1012
21136
26630
24114
26809
4084
23556
5
0
0
19
1054
25345
14708
0
0
13712
5131
0
23
7958
24722
29704
6995
1052
25269
7479
13
17
216
660
17659
32498
0
21196
7462
26633
12158
12022
1146
18392
644
3925
10647
29458
6602
30807
4098
27830
29292
14600
0
9
18352
36
0
540
28315
4575
8762
9567
7
0
71
214
6145
0
26816
24230
4449
16925
658
229
24520
10940
29560
0
376
197
20675
792
22361
31754
16398
3463
8714
26946
47
19569
8638
27663
0
24515
11521
475
15615
20528
13234
12570
905
9464
0
0
0
0
12549
17469
330
9
0
0
0
2
54
16336
18337
1278
12393
7636
30714
28164
31591
266
181
2505
13337
10004
0
2623
28664
9970
25608
10885
19281
524
9152
18373
28652
8194
9876
23826
28396
7572
6249
14640
14
0
943
22
0
606
8419
5565
3805
7585
16216
22
1615
2609
11064
418
16893
16074
13509
30300
19695
0
280
13161
31172
0
7
26031
26268
19426
28510
10422
30774
8779
30910
23552
4182
25391
15495
5764
145
1364
14902
28255
4460
474
6972
26821
26122
25547
4
0
0
9
27594
7950
16343
754
2481
0
0
0
13428
5912
9762
5967
24408
4415
1908
17223
14
190
101
9803
4319
0
5945
26806
8166
18700
11367
17692
25
8849
30556
30974
3447
5021
18283
26222
29331
2376
28583
0
6
17982
148
0
13
31111
12499
23856
19490
8925
4324
6486
19677
0
708
7534
15677
0
31068
21991
12513
7783
16828
0
0
15871
10697
17612
18703
11027
11408
5545
9508
7185
25
4554
26443
21313
2818
8850
25128
2111
23650
28149
11192
1454
20
681
6
0
0
110
18634
25472
20972
22830
24901
11
0
26
12
702
14364
1381
16590
8823
2237
8023
32179
17
486
140
12042
31310
28182
11058
7926
9487
1670
32528
5651
2258
652
9860
25783
21286
2742
8610
4472
7128
18434
5841
0
20
14867
5182
0
0
9257
0
28614
18598
28458
2661
548
32756
0
0
19489
19435
6365
12392
7586
1386
543
8360
208
0
180
29492
40
23840
6766
1735
127
11599
11837
22
12299
7328
29352
434
31244
21794
6608
9252
11647
17432
9535
7208
3264
14
0
0
10
26841
189
16100
129
30
46
0
0
13
2
27200
19854
9990
25697
4919
17780
22578
12931
32544
424
13487
899
655
8483
5538
7492
6193
28252
25011
102
15834
1840
31497
2785
18529
31540
18805
28791
13392
13210
0
5
26979
2
0
19
510
0
21497
13826
31276
19790
6582
13578
11159
0
26489
159
3449
12924
9072
10380
35
27967
10208
645
8
15370
12924
14196
12074
13722
0
65
330
11056
12890
545
16683
13716
249
25452
2741
4954
6813
675
10396
15460
20615
10904
0
0
0
0
27032
14387
32584
7240
3517
17006
0
241
0
4
3523
31758
12105
29621
17095
7296
9916
15678
10178
13579
2
27577
12750
14007
23729
24081
2995
2678
24676
27753
1216
120
15565
3093
13608
6172
11243
29929
7514
10168
5055
0
6
8922
25
0
0
2144
3
31577
6834
14629
0
5874
15791
0
0
127
30693
343
14
26949
26857
20640
26052
236
532
10
31226
460
16955
23183
8394
30180
16097
3065
27065
326
9261
12578
21078
16878
19
4611
31947
2445
170
10292
13489
24750
6149
3333
0
0
0
0
27432
8896
16367
91
4882
31810
0
22
0
9
6479
6321
6538
31351
19447
24208
9646
2593
244
3
10739
27666
8486
3455
2028
29614
4860
29253
11777
1
110
655
22431
29082
12455
14197
22106
8752
15821
17296
26281
0
20
15947
0
0
0
11376
1774
29859
5315
12074
505
0
10635
23
9205
26
13232
0
8997
19926
25678
618
14801
175
0
20855
6680
5716
10573
31561
23245
641
572
1550
24353
1181
4287
2699
18110
418
17465
7172
2529
9981
2112
13476
4381
8247
7207
0
0
0
0
3989
9320
23165
15431
9658
7
17206
0
19
19
27171
18166
3396
16697
31020
23694
15529
208
4
0
11969
9295
0
370
16626
3684
9168
17906
413
433
416
4707
15199
11785
14486
2
12420
20710
18271
15813
27415
0
318
3580
602
0
0
13444
23186
14507
13
0
0
0
7152
10588
10268
4693
19885
13
11628
17604
12677
406
7768
29022
0
0
542
17537
30038
21388
65
13289
11964
3181
13093
546
10987
10761
20493
8217
9501
17482
29447
15665
10753
22104
15084
19095
13525
30221
22
19
0
0
0
3343
22593
107
16080
14868
0
0
0
335
0
12079
28768
17040
184
12933
23779
20663
12259
4
234
637
4682
210
7720
7152
25680
8976
18455
5725
21
22
5
9156
5602
17832
7905
10440
7375
21562
16
21962
20
0
10797
17
0
9
5340
12076
9058
31493
0
0
8
716
0
24
7
11072
23400
707
22955
20666
10
3905
12481
0
0
19396
25
1009
22012
18136
11455
537
25043
742
21
17922
24512
9248
26018
27368
23717
9714
17650
13290
3335
12759
3169
21895
5303
2957
109
7
0
0
18661
8681
7
8753
24033
32029
15987
7042
0
0
26
15814
32718
12244
11380
7229
20652
18864
17
581
425
21047
1594
21487
24326
3276
21323
6540
7679
23990
12905
24710
29271
17945
29221
8787
20183
23589
23955
4978
24779
0
13262
20135
24
0
8
2088
12935
19779
15993
21
24962
11
11001
19105
8
24
2669
2
32671
1457
12998
629
13597
14218
8838
21
7372
0
21028
29264
9118
14723
13490
0
31601
24227
11197
23692
19771
20363
9618
22363
7721
3565
17421
9
18610
495
16741
15022
6
0
0
0
3393
8738
15279
19882
1608
12654
3822
10
26
15
9
22290
31339
23154
7
249
22225
20078
21724
634
2330
10050
28223
20594
29130
621
4987
29445
18805
597
26
806
27338
21963
28135
14697
12526
21630
23224
1908
26737
4791
6
399
10293
0
0
0
11373
27606
8184
7075
5
14119
6741
30432
5001
8
21
18283
255
30836
24125
24118
12737
18028
16
0
10737
0
20556
22795
16060
21901
8793
0
2136
4580
14875
5907
21184
28074
8719
26790
20476
30041
3351
8329
16290
22974
23072
0
0
0
0
0
14893
3053
17063
10681
25903
27005
24176
11
0
10
392
13998
21083
23639
9832
648
10310
0
413
24
15
12581
24399
0
11891
1023
7260
24834
14243
5
0
8707
20502
25141
10687
8346
15891
24637
18413
11400
22816
31690
13
8935
29126
456
0
15
26260
7506
7022
13874
0
1039
32195
22566
322
17
18588
7811
28245
9467
32425
7184
13189
10542
22
1864
19
29617
9099
25023
0
585
0
21051
1570
8636
9458
25967
8456
657
11531
29962
26819
7975
10556
7531
148
8044
0
19
0
0
25
12319
6272
6108
29383
10133
1775
24642
23569
21
26
9
3585
2257
25333
893
10490
10103
4750
7
10722
24271
19611
18990
30338
21641
23258
19047
2352
181
479
5619
32683
18990
10002
15568
4422
16895
6135
18008
697
2
324
23699
0
0
0
31357
613
1847
7469
16345
0
0
14964
6027
0
0
390
27504
9462
32703
28102
11069
5154
613
16
25
195
3730
2244
10844
13049
14118
8
26363
19552
28773
18470
29731
6747
221
5869
14398
10498
7103
27352
25679
28053
13043
0
0
0
0
0
17022
7240
14
9492
5651
8897
15477
0
0
8
117
14615
22348
26798
32179
31635
0
696
1662
18902
28262
19420
19770
19022
9273
25841
23
0
272
31717
1892
13698
11267
85
65
10389
6932
25619
16081
5
29130
13028
0
0
13
18630
218
19864
6407
10
0
0
18490
6927
0
21
450
6459
20643
16840
27633
10
25
22630
24
0
9099
12520
17461
8290
19662
22307
0
0
18423
8890
16717
6640
28703
5566
4883
23661
22659
1796
1108
888
603
735
1321
22
0
0
0
0
438
1570
1255
581
637
0
17
0
15
539
1550
139
1447
1907
1264
1699
1828
1555
656
22
580
153
0
1490
1470
1837
1359
1802
1757
0
26
1168
1166
707
282
217
1462
82
1804
614
0
0
2001
607
0
1825
1861
137
2103
734
1430
1765
118
980
609
0
6
1140
1909
2166
493
273
442
1738
1698
1
0
0
9
1346
1626
609
507
235
177
1401
1
201
1961
2087
1186
1364
1782
1200
650
2171
366
72
172
191
0
0
0
0
1118
1653
1397
1303
0
0
0
0
14
776
420
296
911
700
1319
978
301
545
0
2
1884
679
0
492
1776
329
1034
374
1626
20
2083
4
1980
2089
409
831
1258
341
1637
290
1182
22
1428
1
0
1800
5
300
1291
1332
172
15
20
14
17
259
12
2060
1752
947
2052
280
563
565
0
11
0
16
1017
1810
410
77
47
503
357
244
254
1594
2001
402
16
2023
1857
1818
1155
496
174
323
335
0
0
0
0
1246
72
1642
1905
0
0
165
26
18
46
1009
2093
1110
2072
622
1569
743
0
2
532
2122
1652
664
1767
1227
1522
450
483
184
0
439
1327
1290
189
913
1913
1977
1986
503
1538
10
9
176
262
0
1245
15
1229
1485
1058
0
0
143
471
484
0
419
601
1539
303
487
11
312
462
526
55
17
314
140
1862
281
23
453
1769
2140
1958
134
2045
635
678
1044
1375
1451
2074
1626
853
2079
1449
415
0
0
0
9
1470
1794
1301
17
665
0
2
0
1
1860
1290
2088
756
1702
539
219
675
307
130
407
608
1442
0
1758
1523
1205
1024
690
1388
18
1747
1563
748
823
162
1100
539
1608
2063
0
25
1572
19
0
240
1172
181
709
570
0
0
2108
1354
19
24
383
679
748
1088
767
9
14
1514
417
0
578
0
286
743
1484
2116
21
1786
144
25
652
1879
1662
1256
727
1614
710
196
1620
1695
91
2066
220
799
0
0
0
0
345
1503
2011
2019
0
0
3
0
7
2145
1605
1733
330
886
701
363
351
265
596
59
1134
148
189
1382
2026
865
2158
769
1397
15
10
2180
98
743
2142
968
1489
1212
665
1780
0
4
891
13
0
56
33
1028
362
1644
1873
17
576
1512
749
0
114
75
1033
260
1457
2067
527
137
1215
1787
1564
2
2036
843
1860
1573
1213
1772
0
1515
1212
880
438
58
1578
120
20
1995
906
498
1254
834
852
1781
857
2
0
0
0
427
717
10
0
0
0
25
221
19
1841
1203
788
2107
636
1525
258
598
1260
8
22
1723
1680
28
1127
721
639
697
0
104
342
20
997
2096
1173
1550
1142
928
320
219
411
0
22
312
2
0
585
423
1528
435
1303
18
0
24
255
226
24
235
656
1437
281
1340
1312
189
727
6
16
149
732
406
1442
1815
2071
2127
1144
2179
1287
432
1333
570
499
1289
250
1611
1012
1453
386
57
565
1897
12
0
0
26
721
1054
1288
0
0
930
590
0
9
1130
1397
665
1273
434
1052
1212
189
13
179
216
2118
163
0
55
1513
901
389
1223
1087
1146
167
2102
1738
1899
1027
41
189
1911
1586
861
0
15
1116
127
0
760
540
2071
201
14
9
0
172
800
214
16
729
572
173
75
1616
658
229
463
5
22
567
376
1655
992
792
491
1136
1089
1276
2153
702
1505
2073
2077
0
1953
458
586
475
306
845
112
1635
905
0
0
0
0
2093
1614
2160
6
9
0
0
2
704
54
1027
841
1278
1458
1075
96
1920
973
266
1639
318
215
0
1028
436
233
1222
1551
2137
327
524
404
877
221
1633
1128
1956
2152
1011
1875
6
14
1323
25
0
483
606
1858
1191
1618
1024
16
832
1615
422
129
418
1584
765
387
1869
0
96
280
39
0
13
1114
1974
24
1930
79
1674
21
31
292
1682
1995
1334
186
661
874
1364
1780
2011
86
474
411
577
2065
5
0
0
9
1764
1350
1389
1034
754
0
0
0
1569
306
1538
1014
1593
351
41
1908
24
95
190
830
1055
0
958
1571
562
1605
1204
432
7
2104
101
2125
356
1260
647
787
2165
900
189
0
2
1788
486
0
7
472
493
1564
1986
1994
177
2137
2112
0
660
708
973
0
798
450
121
1578
1222
0
0
995
562
1949
116
1207
92
473
1171
760
3
1807
180
199
1630
631
102
1071
2111
1780
1905
257
23
560
6
0
0
217
110
1138
1415
1289
960
115
0
74
26
255
702
1242
1381
1281
75
50
1462
22
1286
486
140
1107
692
1938
123
1365
739
1670
1910
1277
71
652
1112
1726
1603
555
2049
98
567
938
0
9
1316
1745
0
0
1881
0
880
183
1102
27
474
2006
0
0
595
1993
1939
1991
1457
1025
657
1272
341
0
533
180
332
1498
1970
205
1735
127
664
11
22
1364
767
192
434
626
2111
47
504
712
2123
787
647
24
0
0
1
145
597
189
791
129
30
0
0
12
202
1460
956
171
1242
1640
545
284
708
1996
468
1153
365
170
655
1922
1164
931
1819
2008
225
1560
525
1840
879
598
1033
922
1309
360
270
0
22
1895
6
0
16
73
24
1620
1814
704
658
107
21
456
0
735
245
159
1262
1989
324
174
764
1723
2
24
1007
61
1989
1074
1139
0
218
65
330
121
1955
545
1374
594
249
1395
554
580
252
675
1648
151
932
0
0
0
0
450
788
1265
1966
679
1330
0
2109
0
9
1192
1336
1140
1170
1190
1786
735
1168
369
1430
25
1001
1333
1815
885
1859
24
808
491
619
1509
487
849
256
906
486
1798
308
1498
953
1420
0
13
1599
12
0
0
51
11
1137
959
273
0
1485
1500
0
0
313
1585
75
19
1067
705
613
957
1995
236
19
739
608
1918
1646
1313
1833
1749
788
878
92
326
513
1643
1395
3
1018
237
1329
258
170
1544
367
693
1775
0
0
0
0
763
1188
148
329
91
508
0
10
670
0
144
2105
1947
2164
733
1951
151
898
406
1
1758
1991
1422
1925
1268
2028
1183
486
822
113
1
110
2113
561
651
1520
1075
236
4
512
1987
0
20
398
0
0
0
387
441
1774
1428
941
410
0
361
24
1643
25
1592
0
373
249
243
163
2076
221
0
1077
1172
119
1342
1825
943
646
641
2030
1550
296
1181
2100
512
614
1147
2156
611
342
1233
2112
354
7
1686
0
0
0
0
1601
1802
572
1295
122
19
358
0
10
19
19
927
670
1209
1388
402
1824
220
19
0
488
1034
0
476
1828
1317
1497
420
410
413
433
1874
333
2077
850
14
1703
1485
1027
775
504
0
1711
318
664
0
0
1826
322
1316
8
0
0
0
187
591
1840
1520
319
13
337
693
108
1742
406
1207
24
0
626
542
41
1607
247
794
167
1029
994
700
1275
52
2013
810
1656
753
2173
1016
356
2005
234
1962
1599
403
8
22
0
0
0
1469
1156
723
836
771
18
0
0
556
11
972
1144
337
273
913
1998
1909
980
1
409
234
2095
308
939
1159
591
1623
228
959
1
21
22
437
408
1228
336
1344
1692
814
16
1015
11
20
1836
24
0
5
1332
966
1141
310
0
0
14
62
0
8
132
1465
137
1530
707
1085
11
1954
1718
0
0
2071
10
916
1009
142
640
520
1266
986
742
21
426
455
500
1961
1124
1847
966
154
168
1148
1824
982
25
929
41
1
0
0
734
1165
662
1465
5
2163
1411
678
0
0
22
485
505
2100
1309
445
668
969
18
395
581
1883
1364
1594
1804
269
1089
1640
2166
1118
2120
1970
653
840
449
790
39
500
1719
2085
604
0
632
140
20
0
7
602
2088
2000
96
9
1668
14
1469
66
16
8
510
23
947
2053
1457
605
1358
475
1096
9
1722
0
2002
1345
833
370
1601
0
1043
983
170
262
1822
88
680
870
493
1160
1378
6
1575
1114
495
1432
10
0
0
0
1494
1206
2177
2157
199
1608
1719
15
10
26
15
144
420
721
15
547
249
355
395
583
1363
143
1302
1979
911
699
1350
613
1014
580
3
1376
806
1094
93
1891
1575
1591
1947
1354
1908
493
12
573
1128
0
0
0
813
438
1362
1623
1
2138
997
180
2001
6
8
1344
58
984
218
68
61
1802
19
0
894
0
969
873
925
751
31
0
1245
2136
206
1753
1533
1501
1830
2158
546
793
1610
1164
1768
981
1104
0
0
0
0
0
1052
1771
866
1754
1933
1846
761
11
0
21
307
1850
876
1400
1769
355
1377
0
0
0
510
771
1646
0
230
956
1023
699
777
14
5
515
2146
819
1084
1939
1785
582
580
917
465
946
19
40
187
695
0
5
447
16
945
461
23
476
1039
1577
696
25
1664
1092
1250
2001
719
1807
623
67
12
2128
1
2071
1186
351
21
1917
0
1617
1368
1570
2075
710
1910
437
657
596
1531
575
1414
1808
241
877
0
0
0
0
15
889
1384
1898
1734
952
1385
1775
585
25
21
26
1143
1398
70
1276
893
1742
1355
25
1924
1974
214
2115
1494
1907
1958
1388
1551
165
910
479
1245
2065
1494
1254
259
48
1586
1761
512
22
704
324
0
0
0
1855
10
2071
1847
908
0
0
1295
1842
6
0
599
390
1260
714
2085
1858
134
51
19
16
727
1653
1543
57
2096
2114
267
8
119
2056
342
974
1300
186
950
1495
1276
1750
542
1108
1622
1809
0
0
0
0
0
1102
1713
4
41
744
1277
149
0
0
14
224
846
1493
478
554
1561
0
90
696
1662
1406
2018
1924
87
1526
525
2
0
457
1730
1099
1892
576
332
814
65
1641
371
1562
16
2003
699
0
0
9
1282
405
1676
181
8
0
0
1250
994
0
14
453
1179
2085
960
1531
12
10
2023
4
0
2058
351
1585
2152
1729
2166
0
0
533
927
142
1408
79
272
1192
509
1791
1108
603
1321
1134
1146
1352
4
0
0
0
0
139
1907
1264
241
370
0
13
0
12
1359
1757
566
1166
282
1462
1804
542
2001
116
25
137
2103
0
118
1338
558
1140
2166
273
0
1
1363
1346
609
235
1401
930
2087
1364
324
0
0
172
727
0
1118
1397
93
1774
662
420
911
1319
301
545
0
4
492
329
374
1316
1165
631
831
1258
17
0
0
1
1800
300
1332
172
20
638
741
24
594
1292
875
1883
1017
1868
47
357
254
2001
1933
2023
1818
0
0
0
0
1246
1642
1905
861
0
0
0
0
1
743
1703
2122
2122
1227
450
184
1897
561
0
6
1986
80
0
262
1245
1229
1058
1030
1200
25
1148
0
487
1415
462
784
1043
404
50
453
2140
26
635
3
0
2074
16
1449
908
139
1470
5
665
23
3
402
630
1702
219
307
407
713
300
1523
0
15
0
24
823
1100
539
605
376
289
240
1639
570
1448
1354
672
4
1088
468
1514
833
78
743
2116
1786
0
0
0
0
196
1695
91
220
0
0
5
18
21
7
1288
2145
1605
330
701
1080
1325
1134
0
568
865
769
177
2180
743
968
483
1780
58
0
531
33
362
1873
576
749
1572
1033
1457
2067
2
5
1541
114
0
1772
57
880
58
849
0
0
24
323
1838
0
427
1819
1894
619
1801
15
649
1525
258
531
22
222
1127
639
1885
1071
398
17
1550
928
219
393
312
1368
423
435
990
78
955
235
1437
1340
1312
1647
0
0
0
6
2127
2179
1287
10
570
0
18
0
3
1897
1355
1565
1054
1586
930
757
1130
665
434
483
918
742
0
163
55
901
389
358
896
23
1899
41
1911
1586
1478
1116
856
760
540
0
9
901
25
0
173
1616
229
5
2025
0
0
1136
1276
20
20
619
1953
586
306
112
14
603
1039
1614
0
576
0
704
1027
1278
1075
15
973
1639
26
299
233
1551
1785
404
221
1128
2152
1875
743
943
1941
606
1858
0
0
0
0
1584
387
1869
825
0
0
7
0
25
156
292
1995
186
874
1780
86
411
607
436
1548
1764
1389
754
1012
1569
1538
1593
41
1914
14
20
2132
1571
1605
432
2104
2125
1260
58
2165
0
2
486
7
0
1986
177
2112
660
973
798
13
1222
1166
562
0
92
1171
624
180
1630
102
653
1905
257
560
1221
0
409
1289
844
803
1713
1242
0
50
1561
486
1107
1938
1365
212
1277
652
1726
555
98
938
1035
1316
1745
3
0
0
0
2006
1124
1
0
0
0
3
208
18
1498
205
127
902
1364
921
626
47
712
4
24
1373
145
189
129
775
417
1460
0
1640
284
25
1153
899
1922
931
2008
1560
1840
598
1033
0
0
427
6
0
510
1814
658
21
224
2
0
0
764
2
8
531
1139
1676
330
1955
1374
249
554
9
1
203
412
306
788
1966
1330
2109
1386
1336
1170
328
1168
1430
272
1815
1859
808
619
1216
256
486
1798
1498
16
0
0
8
2144
959
1507
0
0
1042
75
0
19
1995
1990
608
1646
1833
788
821
513
18
289
600
258
170
0
1775
743
1973
1188
1058
508
145
0
2105
2164
1951
898
1702
1991
1925
2028
1183
0
1
2113
651
0
4
1987
1964
638
822
9
0
410
361
1887
25
110
249
1621
1679
1077
119
1825
1375
2099
11
452
512
1147
611
1233
354
1686
1362
1754
1802
566
910
1897
1639
0
1209
402
220
1678
1034
1934
1317
420
1871
0
0
0
0
775
1171
1711
16
8
0
0
13
372
591
1520
202
693
1742
1207
1917
542
1607
65
1029
994
2158
0
810
753
1016
2005
234
1599
403
1777
498
1469
723
771
1728
1285
972
337
913
19
1
1692
11
0
165
959
1884
437
1228
1344
4
1015
1397
2049
302
966
310
1179
791
1601
0
72
1085
983
0
23
1900
1009
640
1266
742
426
500
1124
966
168
1824
25
770
142
734
2120
5
1411
481
400
505
1309
668
18
0
0
22
1089
2166
2120
653
449
0
0
0
632
452
952
2088
96
1668
1469
1609
24
218
728
1358
1096
0
2002
833
1601
1043
983
262
7
870
1160
2112
1114
1432
1194
1145
1206
2157
199
0
10
1338
420
0
6
395
1363
1302
911
1350
1014
2055
1376
0
93
1575
1947
0
417
1128
1668
813
1362
0
0
180
627
1344
984
68
1802
532
894
969
7
31
1245
206
1533
1830
546
1610
1768
1104
1404
478
26
866
16
0
0
307
876
1769
1084
1562
517
510
0
230
24
48
788
2146
1084
1785
580
465
1072
25
1914
447
945
461
476
1577
1051
1092
2001
1807
67
1794
406
1186
966
1917
1617
1570
710
1895
596
1531
0
25
1483
2160
0
0
8
7
1775
1699
458
1398
547
893
0
0
1974
2115
17
1388
165
479
607
1254
259
0
512
1433
371
495
739
2071
908
6
1842
0
390
714
1858
780
934
1653
57
2114
8
2056
974
186
1495
22
0
0
23
1563
1102
679
744
548
149
0
0
8
554
1017
696
1662
2018
87
525
1751
1730
1892
332
65
371
43
699
1135
1282
1676
2033
1371
265
2120
1179
960
1389
2023
591
351
2152
2166
437
0
7
79
4
0
20
2033
26
1900
1039
562
175
543
2100
1755
0
1952
274
205
1332
687
1573
542
2183
2071
268
18
1790
855
1872
1062
1378
0
179
726
847
1645
1029
884
1706
1503
572
2009
989
1692
214
669
1541
1379
440
0
0
0
0
1395
335
1877
1188
797
1300
0
131
0
11
1165
506
93
1565
512
1631
479
1032
1635
279
15
210
155
1626
1402
632
381
1884
220
180
1685
267
85
2104
868
642
1095
733
1992
1077
1007
0
22
562
3
0
0
1973
7
338
624
601
0
1803
1607
0
0
417
1207
432
16
2179
651
303
1355
1707
293
24
886
324
443
1225
1915
1892
1924
1400
693
309
2146
759
1601
1828
11
172
119
1171
1207
354
433
341
1601
1515
0
0
0
0
1576
637
1916
301
710
974
0
24
342
16
1393
1929
704
1668
2143
589
1133
502
671
22
1693
1238
1992
2011
354
1665
1196
1862
369
258
570
678
963
367
880
520
1012
824
1013
212
78
0
6
1346
0
0
0
2128
1560
656
955
1024
513
0
1446
7
1231
10
1790
0
1377
1911
2058
83
1407
387
0
1885
1798
264
2148
700
397
79
28
700
1726
542
1097
971
579
88
205
1325
909
983
722
57
847
1329
255
0
0
0
0
1516
1574
1584
1415
1011
12
1160
0
9
16
671
1221
758
1257
1808
937
548
200
20
0
2065
1277
0
690
8
1602
450
499
401
653
553
625
1430
2090
2159
10
367
95
879
1682
1086
0
1839
60
231
0
0
835
851
568
12
0
0
0
258
1866
49
627
1864
22
218
2039
53
897
660
553
5
0
1921
2135
1827
1222
34
1487
1796
1926
1544
418
188
1732
2103
1119
146
1723
1811
990
1057
441
1272
990
234
1888
18
3
0
0
0
387
130
706
1323
347
12
0
0
544
1
803
2134
1609
557
1239
1771
1435
1126
21
138
420
1918
363
563
2144
450
132
2146
266
0
20
6
641
2048
1511
1862
1333
153
1978
24
1793
0
26
1350
21
0
11
636
1106
1102
1695
0
0
6
518
0
21
397
334
1564
995
2117
1939
18
1076
938
0
0
1548
21
1554
944
118
2127
441
1193
1357
1363
1955
423
922
666
1333
1215
1422
685
1892
639
1140
1038
871
537
1015
42
3
0
0
1187
1047
699
1789
33
2124
1324
348
0
0
18
1371
364
1096
1782
1989
740
511
2
416
536
530
1364
56
817
1814
2101
240
1597
102
1395
2066
211
1280
741
1263
525
216
1926
851
1460
0
373
2124
24
0
17
442
961
1778
1476
16
1976
19
603
439
12
11
1278
15
267
1655
1515
433
1346
1659
1432
20
1022
0
486
533
1448
743
720
0
580
2158
2000
1022
1906
296
929
826
1717
75
1096
24
1267
2019
670
1343
2
0
0
0
1201
1141
543
1337
987
327
1972
22
13
7
22
27
1321
658
25
344
1219
1860
1300
340
1399
4
1202
424
344
646
840
893
1014
484
20
567
461
1990
1768
1932
1549
566
12
621
2116
130
1
489
1857
0
0
0
899
742
227
906
10
1914
362
932
2097
7
1
1529
142
1180
1456
2022
102
2063
6
0
1354
0
231
1554
368
2166
845
0
439
1111
781
854
337
1751
68
435
1950
155
1511
903
1443
1056
1967
0
0
0
0
0
123
940
345
660
663
1361
845
3
0
11
343
2177
839
1303
1805
593
1518
0
0
0
311
1196
1878
0
1870
1073
940
810
1893
2
25
174
1994
2048
820
1828
1291
1813
220
98
454
1488
20
2083
1438
96
0
0
1446
1663
1840
587
13
447
1567
579
94
6
2130
1868
462
401
504
1901
67
795
17
1261
16
2046
985
1084
14
1424
0
1306
124
1132
679
74
1422
171
1304
152
1190
418
525
956
403
39
0
16
0
0
12
1042
1949
2096
1789
1468
1537
2081
1611
9
15
11
716
75
645
1692
1830
962
120
2
569
1613
2083
483
1758
1386
1705
808
1739
405
1401
61
2046
1707
1673
527
1678
1599
1753
212
176
10
318
503
0
0
0
1252
704
2173
460
125
0
0
2137
490
15
0
211
1962
1818
633
1436
38
73
557
23
4
630
275
1771
1634
759
10
410
1168
1413
794
997
1631
302
12
34
484
68
565
138
1284
665
726
0
0
0
0
0
763
1054
9
1104
846
208
405
0
0
23
476
2104
343
882
1885
1830
0
485
1755
1157
884
527
136
1672
1629
1283
20
0
461
289
539
421
388
425
1023
1318
2168
730
1754
12
1236
347
0
0
15
1934
112
2014
2166
24
0
0
219
597
0
25
537
215
762
343
695
3
10
1852
17
0
2151
532
1785
858
276
77
0
0
537
2135
90
1949
447
43
418
1481
1324
1796
1108
888
603
735
1321
319
0
4
12
623
438
1570
1255
1310
637
89
341
4
123
539
1550
139
1447
1907
1264
1699
1828
97
8
643
580
153
12
1490
1470
1837
1359
1802
1757
1
566
1168
1166
707
282
217
1462
82
1804
614
542
1200
2001
607
8
1825
1861
137
2103
734
1430
307
118
8
15
558
2058
1140
1909
2166
7
273
1900
1738
24
190
4
634
873
1346
1626
609
1965
235
906
1401
1999
930
1961
2087
1186
1364
1782
1200
650
2171
366
72
172
2
25
22
426
1424
1118
1653
1397
0
0
205
316
518
662
776
420
296
911
700
1319
978
301
2003
36
272
1884
4
871
492
1776
329
1034
374
0
1316
625
1165
1980
2089
409
831
1258
1799
0
20
1182
1993
1428
1
401
1800
572
300
22
9
172
798
20
527
1367
259
741
2060
1752
947
2052
1738
1292
0
11
11
425
610
1017
1810
1868
77
47
1961
357
244
254
1594
2001
402
1933
2023
1857
1818
1155
496
174
323
11
11
14
18
1207
1246
72
1642
0
7
861
3
53
1125
1504
1009
2093
1110
2072
622
1569
743
918
1703
532
2122
1652
2122
1767
1227
64
450
483
22
1783
1897
1327
1290
189
913
1913
1977
1986
503
26
64
1332
176
19
301
1245
744
1229
1485
1058
501
1030
143
12
484
750
1148
601
1539
303
487
1415
312
462
526
55
368
1043
140
1862
11
50
1182
1769
2140
1958
863
2045
635
678
1044
1375
1451
2074
1626
853
2079
1449
10
17
4
139
1332
1470
1794
572
611
17
725
2
462
28
1860
1290
2088
756
1702
539
219
675
307
1588
407
608
713
1538
1758
1523
1205
1024
690
1388
450
1747
1563
748
823
162
1100
539
1608
11
18
25
1572
289
7
240
1172
1639
709
570
1833
1448
2108
1354
1342
24
383
679
748
1088
767
468
1472
1514
417
0
578
78
1015
743
1484
2116
372
1786
144
943
1381
1879
1662
1256
727
1614
710
196
1620
1695
91
2066
220
799
5
9
24
5
345
1503
2011
2019
0
7
192
19
493
2145
1605
1733
330
886
701
363
1080
265
596
59
1134
148
189
1382
2026
865
2158
769
1397
1635
1549
2180
98
743
2142
968
1489
1212
665
1780
645
58
891
553
18
56
33
1028
362
1644
1873
1691
576
1512
749
22
1572
75
1033
260
1457
2067
527
137
1215
5
1564
2
578
843
1860
1573
1213
1772
13
1515
1212
880
438
58
1578
849
20
1995
906
498
1254
834
852
1781
857
380
10
20
1
427
717
10
7
0
7
619
5
343
1841
1203
788
2107
636
1525
258
2056
531
548
481
1723
1680
28
1127
721
639
697
1885
104
342
398
997
2096
1173
1550
1142
928
320
219
411
15
319
312
2
18
1314
423
1528
435
1303
261
1844
78
255
955
24
235
656
1437
281
1340
1312
1647
727
6
232
149
732
406
1442
1815
2071
0
1144
2179
1287
432
1333
570
13
1289
250
1611
1012
1453
386
57
565
1897
228
5
17
107
721
1054
1288
20
0
930
590
1
225
1130
1397
665
1273
434
1052
1212
918
742
17
1674
2118
163
17
55
1513
901
389
1223
1087
1146
896
2102
1738
1899
1027
41
189
1911
1586
861
20
717
1116
127
9
760
540
2071
201
14
90
7
172
800
214
16
729
572
173
75
1616
658
229
463
0
22
2025
1105
1655
992
792
491
1136
360
1276
2153
702
1505
2073
2077
1419
1953
458
586
475
306
845
112
1635
14
14
9
18
1039
2093
1614
702
6
9
2106
23
1055
2162
54
1027
841
1278
1458
1075
96
1920
973
266
1639
318
26
1256
1028
436
233
1222
1551
2137
1785
524
404
877
221
1633
1128
1956
2152
1011
417
6
743
594
25
1993
1941
606
1858
1191
160
25
907
832
1615
422
129
418
1584
765
387
1869
12
825
280
39
554
472
1114
1974
24
1930
79
216
156
31
292
1682
1995
1334
186
1390
874
1364
1780
2011
86
474
411
577
607
5
4
312
1548
1764
1350
1389
1034
25
294
13
737
1569
306
1538
1014
1593
351
41
1908
1914
95
190
830
2
2132
958
1571
562
1605
1204
432
196
2104
101
2125
356
1260
647
787
2165
900
0
17
704
1788
0
148
1654
472
493
1564
1986
23
177
2137
0
2181
660
708
1
368
798
450
121
1578
0
7
1166
995
562
1949
116
1207
92
473
1171
31
624
1807
180
199
1630
631
102
1071
2111
1780
1905
257
1454
20
6
6
584
217
110
1138
1415
1289
15
7
11
74
755
1713
702
1242
1381
1281
75
50
4
1561
1286
486
140
1107
692
1938
123
1365
739
1670
452
548
71
652
1112
1726
1603
555
2049
98
567
20
9
1035
587
17
25
3
423
509
880
183
22
27
474
0
680
1124
595
1993
1939
1991
1457
1025
1386
1272
17
208
1991
180
1061
1498
1970
205
1735
127
664
902
22
1364
38
921
434
626
2111
47
504
712
2123
787
647
24
14
644
1405
145
597
189
62
129
3
46
168
417
202
1460
956
171
1242
1640
545
284
708
1996
1926
1153
365
899
655
1922
1164
931
1819
2008
954
1560
525
1840
879
598
1033
922
1309
360
270
88
427
437
6
353
529
73
510
1620
1814
704
658
107
0
24
224
735
245
159
1262
1989
0
1632
764
1723
2
2103
1007
61
1989
1074
1139
600
1676
1523
330
121
1955
545
1374
594
249
1395
554
580
252
675
1648
151
932
23
7
21
9
450
788
1265
1966
679
1330
23
2109
25
657
1192
1336
1140
1170
1190
1786
735
1168
369
1430
457
1001
1333
1815
885
1859
24
808
491
619
1509
1216
849
256
906
486
1798
308
1498
953
1420
6
256
1599
174
25
8
51
686
1137
959
273
22
27
1500
0
25
1042
1585
75
343
1067
705
613
957
1995
236
532
739
608
1918
1646
1313
1833
1749
788
878
821
326
513
1643
1395
111
1018
237
1329
258
170
1544
367
693
1775
12
14
20
2
763
1188
148
1058
91
508
0
145
670
0
144
2105
1947
2164
733
1951
151
898
406
244
1758
1991
1422
1925
1268
2028
1183
486
822
842
1
1568
2113
561
651
1520
1075
236
4
512
1987
37
506
398
17
16
93
387
441
1774
1428
941
5
19
361
429
23
457
1592
2
373
249
243
1621
2076
5
13
1077
1172
119
1342
1825
943
1375
2099
2030
1550
296
1181
2100
512
614
1147
2156
611
342
1233
2112
354
7
1686
25
12
3
26
1601
1802
572
1295
122
19
358
7
10
181
19
927
670
1209
1388
402
1824
220
19
4
488
1034
0
1934
1828
1317
1497
420
410
1871
1162
1874
333
2077
850
1364
1703
1485
1027
775
504
442
253
318
1393
8
4
1826
322
1316
1385
13
331
1830
187
591
1840
1520
319
202
337
693
108
1742
406
1207
24
0
626
542
41
1607
1705
794
167
1029
994
2158
1275
52
2013
810
1656
753
2173
1016
356
2005
234
1962
1599
403
332
319
19
12
6
1469
1156
723
836
771
1746
0
24
1285
335
972
1144
337
1731
913
1998
1909
980
1
409
1692
2095
308
939
1159
591
1623
228
230
1351
1884
751
437
408
1228
336
1344
1692
814
421
1015
11
1397
1836
591
17
302
1332
966
1141
310
875
450
527
791
0
8
132
1465
137
1530
707
1085
254
1954
1718
88
0
2071
442
916
1009
142
640
520
1266
986
742
21
426
455
500
1961
1124
1847
966
154
168
1148
1824
982
25
929
770
109
7
26
734
1165
2120
1465
5
2163
1411
678
22
9
400
485
505
2100
1309
445
668
969
1368
395
581
1883
1364
1594
1804
269
1089
1640
2166
1118
2120
512
653
840
449
790
39
500
1719
2085
604
722
632
140
452
24
7
602
2088
2000
96
684
210
905
1469
66
1609
872
510
482
218
2053
1457
2063
1358
475
1096
9
21
811
4
1345
833
370
8
17
1043
983
170
262
1822
88
680
870
493
1160
1378
654
1575
1114
495
1432
442
6
18
11
1494
1206
2177
2157
199
1608
1719
1635
631
188
1338
144
420
721
555
547
249
355
395
2041
1363
143
1302
1979
911
699
1350
613
1014
1309
597
1376
806
1094
93
1891
1575
1591
1947
1354
1908
493
417
1302
1128
6
21
11
813
438
1362
1623
514
2138
25
180
2001
627
386
1344
787
984
218
68
61
1802
532
16
894
531
969
873
925
751
31
18
1245
2136
206
1753
1533
1501
1830
2158
546
793
1610
1164
1768
981
1104
14
0
12
19
8
1052
1771
866
1754
1933
1846
761
119
11
237
1765
1850
876
1400
1769
355
1377
23
0
413
1968
771
0
342
230
956
1023
699
21
392
788
515
2146
819
1084
1939
1785
582
580
917
465
217
1072
40
187
20
456
194
447
16
945
2
23
476
1039
1577
21
1051
1664
1092
1250
2001
17
1807
623
13
1794
2128
1864
2071
1186
351
966
0
585
1617
1368
1570
2075
710
1910
1895
657
596
1531
575
1414
1808
970
13
25
0
19
472
1419
889
1384
1898
1734
952
1385
1775
585
241
75
458
1143
1398
70
7
893
1742
1355
376
1924
1974
214
2115
1494
1907
1958
1388
93
165
910
479
1245
2065
1494
1254
259
48
1586
303
512
1426
1433
0
20
1318
495
1855
739
2071
1847
179
10
6
1295
384
195
378
1328
390
1260
714
2085
1858
134
24
613
934
1456
1653
4
3
2096
2114
996
8
119
2056
342
974
1300
186
950
1495
1276
1750
542
1108
2
0
2
23
11
1563
1777
373
1713
679
41
744
548
14
6
1372
1445
1682
846
1493
0
554
22
288
1548
696
1662
1406
2018
1924
87
68
525
1784
1751
457
1730
1099
1892
576
332
814
65
1641
371
104
772
0
24
14
1135
1467
1282
1134
218
181
2033
1360
21
1250
994
366
2120
453
1179
2085
960
1531
660
10
2023
760
591
2058
351
19
2152
1
2166
437
1314
533
927
142
1408
79
272
1796
1108
888
603
735
1321
22
0
0
0
0
438
1570
1255
581
637
0
17
0
15
539
1550
139
1447
1907
1264
1699
1828
1555
656
22
580
153
0
1490
1470
1837
1359
1802
1757
0
26
1168
1166
707
282
217
1462
82
1804
614
0
0
2001
607
0
1825
1861
137
2103
734
1430
1765
118
980
609
0
6
1140
1909
2166
493
273
442
1738
1698
1
0
0
9
1346
1626
609
507
235
177
1401
1
201
1961
2087
1186
1364
1782
1200
650
2171
366
72
172
191
0
0
0
0
1118
1653
1397
1303
0
0
0
0
14
776
420
296
911
700
1319
978
301
545
0
2
1884
679
0
492
1776
329
1034
374
1626
20
2083
4
1980
2089
409
831
1258
341
1637
290
1182
22
1428
1
0
1800
5
300
1291
1332
172
15
20
14
17
259
12
2060
1752
947
2052
280
563
565
0
11
0
16
1017
1810
410
77
47
503
357
244
254
1594
2001
402
16
2023
1857
1818
1155
496
174
323
335
0
0
0
0
1246
72
1642
1905
0
0
165
26
18
46
1009
2093
1110
2072
622
1569
743
0
2
532
2122
1652
664
1767
1227
1522
450
483
184
0
439
1327
1290
189
913
1913
1977
1986
503
1538
10
9
176
262
0
1245
15
1229
1485
1058
0
0
143
471
484
0
419
601
1539
303
487
11
312
462
526
55
17
314
140
1862
281
23
453
1769
2140
1958
134
2045
635
678
1044
1375
1451
2074
1626
853
2079
1449
415
0
0
0
9
1470
1794
1301
17
665
0
2
0
1
1860
1290
2088
756
1702
539
219
675
307
130
407
608
1442
0
1758
1523
1205
1024
690
1388
18
1747
1563
748
823
162
1100
539
1608
2063
0
25
1572
19
0
240
1172
181
709
570
0
0
2108
1354
19
24
383
679
748
1088
767
9
14
1514
417
0
578
0
286
743
1484
2116
21
1786
144
25
652
1879
1662
1256
727
1614
710
196
1620
1695
91
2066
220
799
0
0
0
0
345
1503
2011
2019
0
0
3
0
7
2145
1605
1733
330
886
701
363
351
265
596
59
1134
148
189
1382
2026
865
2158
769
1397
15
10
2180
98
743
2142
968
1489
1212
665
1780
0
4
891
13
0
56
33
1028
362
1644
1873
17
576
1512
749
0
114
75
1033
260
1457
2067
527
137
1215
1787
1564
2
2036
843
1860
1573
1213
1772
0
1515
1212
880
438
58
1578
120
20
1995
906
498
1254
834
852
1781
857
2
0
0
0
427
717
10
0
0
0
25
221
19
1841
1203
788
2107
636
1525
258
598
1260
8
22
1723
1680
28
1127
721
639
697
0
104
342
20
997
2096
1173
1550
1142
928
320
219
411
0
22
312
2
0
585
423
1528
435
1303
18
0
24
255
226
24
235
656
1437
281
1340
1312
189
727
6
16
149
732
406
1442
1815
2071
2127
1144
2179
1287
432
1333
570
499
1289
250
1611
1012
1453
386
57
565
1897
12
0
0
26
721
1054
1288
0
0
930
590
0
9
1130
1397
665
1273
434
1052
1212
189
13
179
216
2118
163
0
55
1513
901
389
1223
1087
1146
167
2102
1738
1899
1027
41
189
1911
1586
861
0
15
1116
127
0
760
540
2071
201
14
9
0
172
800
214
16
729
572
173
75
1616
658
229
463
5
22
567
376
1655
992
792
491
1136
1089
1276
2153
702
1505
2073
2077
0
1953
458
586
475
306
845
112
1635
905
0
0
0
0
2093
1614
2160
6
9
0
0
2
704
54
1027
841
1278
1458
1075
96
1920
973
266
1639
318
215
0
1028
436
233
1222
1551
2137
327
524
404
877
221
1633
1128
1956
2152
1011
1875
6
14
1323
25
0
483
606
1858
1191
1618
1024
16
832
1615
422
129
418
1584
765
387
1869
0
96
280
39
0
13
1114
1974
24
1930
79
1674
21
31
292
1682
1995
1334
186
661
874
1364
1780
2011
86
474
411
577
2065
5
0
0
9
1764
1350
1389
1034
754
0
0
0
1569
306
1538
1014
1593
351
41
1908
24
95
190
830
1055
0
958
1571
562
1605
1204
432
7
2104
101
2125
356
1260
647
787
2165
900
189
0
2
1788
486
0
7
472
493
1564
1986
1994
177
2137
2112
0
660
708
973
0
798
450
121
1578
1222
0
0
995
562
1949
116
1207
92
473
1171
760
3
1807
180
199
1630
631
102
1071
2111
1780
1905
257
23
560
6
0
0
217
110
1138
1415
1289
960
115
0
74
26
255
702
1242
1381
1281
75
50
1462
22
1286
486
140
1107
692
1938
123
1365
739
1670
1910
1277
71
652
1112
1726
1603
555
2049
98
567
938
0
9
1316
1745
0
0
1881
0
880
183
1102
27
474
2006
0
0
595
1993
1939
1991
1457
1025
657
1272
341
0
533
180
332
1498
1970
205
1735
127
664
11
22
1364
767
192
434
626
2111
47
504
712
2123
787
647
24
0
0
1
145
597
189
791
129
30
0
0
12
202
1460
956
171
1242
1640
545
284
708
1996
468
1153
365
170
655
1922
1164
931
1819
2008
225
1560
525
1840
879
598
1033
922
1309
360
270
0
22
1895
6
0
16
73
24
1620
1814
704
658
107
21
456
0
735
245
159
1262
1989
324
174
764
1723
2
24
1007
61
1989
1074
1139
0
218
65
330
121
1955
545
1374
594
249
1395
554
580
252
675
1648
151
932
0
0
0
0
450
788
1265
1966
679
1330
0
2109
0
9
1192
1336
1140
1170
1190
1786
735
1168
369
1430
25
1001
1333
1815
885
1859
24
808
491
619
1509
487
849
256
906
486
1798
308
1498
953
1420
0
13
1599
12
0
0
51
11
1137
959
273
0
1485
1500
0
0
313
1585
75
19
1067
705
613
957
1995
236
19
739
608
1918
1646
1313
1833
1749
788
878
92
326
513
1643
1395
3
1018
237
1329
258
170
1544
367
693
1775
0
0
0
0
763
1188
148
329
91
508
0
10
670
0
144
2105
1947
2164
733
1951
151
898
406
1
1758
1991
1422
1925
1268
2028
1183
486
822
113
1
110
2113
561
651
1520
1075
236
4
512
1987
0
20
398
0
0
0
387
441
1774
1428
941
410
0
361
24
1643
25
1592
0
373
249
243
163
2076
221
0
1077
1172
119
1342
1825
943
646
641
2030
1550
296
1181
2100
512
614
1147
2156
611
342
1233
2112
354
7
1686
0
0
0
0
1601
1802
572
1295
122
19
358
0
10
19
19
927
670
1209
1388
402
1824
220
19
0
488
1034
0
476
1828
1317
1497
420
410
413
433
1874
333
2077
850
14
1703
1485
1027
775
504
0
1711
318
664
0
0
1826
322
1316
8
0
0
0
187
591
1840
1520
319
13
337
693
108
1742
406
1207
24
0
626
542
41
1607
247
794
167
1029
994
700
1275
52
2013
810
1656
753
2173
1016
356
2005
234
1962
1599
403
8
22
0
0
0
1469
1156
723
836
771
18
0
0
556
11
972
1144
337
273
913
1998
1909
980
1
409
234
2095
308
939
1159
591
1623
228
959
1
21
22
437
408
1228
336
1344
1692
814
16
1015
11
20
1836
24
0
5
1332
966
1141
310
0
0
14
62
0
8
132
1465
137
1530
707
1085
11
1954
1718
0
0
2071
10
916
1009
142
640
520
1266
986
742
21
426
455
500
1961
1124
1847
966
154
168
1148
1824
982
25
929
41
1
0
0
734
1165
662
1465
5
2163
1411
678
0
0
22
485
505
2100
1309
445
668
969
18
395
581
1883
1364
1594
1804
269
1089
1640
2166
1118
2120
1970
653
840
449
790
39
500
1719
2085
604
0
632
140
20
0
7
602
2088
2000
96
9
1668
14
1469
66
16
8
510
23
947
2053
1457
605
1358
475
1096
9
1722
0
2002
1345
833
370
1601
0
1043
983
170
262
1822
88
680
870
493
1160
1378
6
1575
1114
495
1432
10
0
0
0
1494
1206
2177
2157
199
1608
1719
15
10
26
15
144
420
721
15
547
249
355
395
583
1363
143
1302
1979
911
699
1350
613
1014
580
3
1376
806
1094
93
1891
1575
1591
1947
1354
1908
493
12
573
1128
0
0
0
813
438
1362
1623
1
2138
997
180
2001
6
8
1344
58
984
218
68
61
1802
19
0
894
0
969
873
925
751
31
0
1245
2136
206
1753
1533
1501
1830
2158
546
793
1610
1164
1768
981
1104
0
0
0
0
0
1052
1771
866
1754
1933
1846
761
11
0
21
307
1850
876
1400
1769
355
1377
0
0
0
510
771
1646
0
230
956
1023
699
777
14
5
515
2146
819
1084
1939
1785
582
580
917
465
946
19
40
187
695
0
5
447
16
945
461
23
476
1039
1577
696
25
1664
1092
1250
2001
719
1807
623
67
12
2128
1
2071
1186
351
21
1917
0
1617
1368
1570
2075
710
1910
437
657
596
1531
575
1414
1808
241
877
0
0
0
0
15
889
1384
1898
1734
952
1385
1775
585
25
21
26
1143
1398
70
1276
893
1742
1355
25
1924
1974
214
2115
1494
1907
1958
1388
1551
165
910
479
1245
2065
1494
1254
259
48
1586
1761
512
22
704
324
0
0
0
1855
10
2071
1847
908
0
0
1295
1842
6
0
599
390
1260
714
2085
1858
134
51
19
16
727
1653
1543
57
2096
2114
267
8
119
2056
342
974
1300
186
950
1495
1276
1750
542
1108
1622
1809
0
0
0
0
0
1102
1713
4
41
744
1277
149
0
0
14
224
846
1493
478
554
1561
0
90
696
1662
1406
2018
1924
87
1526
525
2
0
457
1730
1099
1892
576
332
814
65
1641
371
1562
16
2003
699
0
0
9
1282
405
1676
181
8
0
0
1250
994
0
14
453
1179
2085
960
1531
12
10
2023
4
0
2058
351
1585
2152
1729
2166
0
0
533
927
142
1408
79
272
1192
509
1791
1796
1108
888
603
735
1321
22
0
0
0
0
438
1570
1255
581
637
0
17
0
15
539
1550
139
1447
1907
1264
1699
1828
1555
656
22
580
153
0
1490
1470
1837
1359
1802
1757
0
26
1168
1166
707
282
217
1462
82
1804
614
0
0
2001
607
0
1825
1861
137
2103
734
1430
1765
118
980
609
0
6
1140
1909
2166
493
273
442
1738
1698
1
0
0
9
1346
1626
609
507
235
177
1401
1
201
1961
2087
1186
1364
1782
1200
650
2171
366
72
172
191
0
0
0
0
1118
1653
1397
1303
0
0
0
0
14
776
420
296
911
700
1319
978
301
545
0
2
1884
679
0
492
1776
329
1034
374
1626
20
2083
4
1980
2089
409
831
1258
341
1637
290
1182
22
1428
1
0
1800
5
300
1291
1332
172
15
20
14
17
259
12
2060
1752
947
2052
280
563
565
0
11
0
16
1017
1810
410
77
47
503
357
244
254
1594
2001
402
16
2023
1857
1818
1155
496
174
323
335
0
0
0
0
1246
72
1642
1905
0
0
165
26
18
46
1009
2093
1110
2072
622
1569
743
0
2
532
2122
1652
664
1767
1227
1522
450
483
184
0
439
1327
1290
189
913
1913
1977
1986
503
1538
10
9
176
262
0
1245
15
1229
1485
1058
0
0
143
471
484
0
419
601
1539
303
487
11
312
462
526
55
17
314
140
1862
281
23
453
1769
2140
1958
134
2045
635
678
1044
1375
1451
2074
1626
853
2079
1449
415
0
0
0
9
1470
1794
1301
17
665
0
2
0
1
1860
1290
2088
756
1702
539
219
675
307
130
407
608
1442
0
1758
1523
1205
1024
690
1388
18
1747
1563
748
823
162
1100
539
1608
2063
0
25
1572
19
0
240
1172
181
709
570
0
0
2108
1354
19
24
383
679
748
1088
767
9
14
1514
417
0
578
0
286
743
1484
2116
21
1786
144
25
652
1879
1662
1256
727
1614
710
196
1620
1695
91
2066
220
799
0
0
0
0
345
1503
2011
2019
0
0
3
0
7
2145
1605
1733
330
886
701
363
351
265
596
59
1134
148
189
1382
2026
865
2158
769
1397
15
10
2180
98
743
2142
968
1489
1212
665
1780
0
4
891
13
0
56
33
1028
362
1644
1873
17
576
1512
749
0
114
75
1033
260
1457
2067
527
137
1215
1787
1564
2
2036
843
1860
1573
1213
1772
0
1515
1212
880
438
58
1578
120
20
1995
906
498
1254
834
852
1781
857
2
0
0
0
427
717
10
0
0
0
25
221
19
1841
1203
788
2107
636
1525
258
598
1260
8
22
1723
1680
28
1127
721
639
697
0
104
342
20
997
2096
1173
1550
1142
928
320
219
411
0
22
312
2
0
585
423
1528
435
1303
18
0
24
255
226
24
235
656
1437
281
1340
1312
189
727
6
16
149
732
406
1442
1815
2071
2127
1144
2179
1287
432
1333
570
499
1289
250
1611
1012
1453
386
57
565
1897
12
0
0
26
721
1054
1288
0
0
930
590
0
9
1130
1397
665
1273
434
1052
1212
189
13
179
216
2118
163
0
55
1513
901
389
1223
1087
1146
167
2102
1738
1899
1027
41
189
1911
1586
861
0
15
1116
127
0
760
540
2071
201
14
9
0
172
800
214
16
729
572
173
75
1616
658
229
463
5
22
567
376
1655
992
792
491
1136
1089
1276
2153
702
1505
2073
2077
0
1953
458
586
475
306
845
112
1635
905
0
0
0
0
2093
1614
2160
6
9
0
0
2
704
54
1027
841
1278
1458
1075
96
1920
973
266
1639
318
215
0
1028
436
233
1222
1551
2137
327
524
404
877
221
1633
1128
1956
2152
1011
1875
6
14
1323
25
0
483
606
1858
1191
1618
1024
16
832
1615
422
129
418
1584
765
387
1869
0
96
280
39
0
13
1114
1974
24
1930
79
1674
21
31
292
1682
1995
1334
186
661
874
1364
1780
2011
86
474
411
577
2065
5
0
0
9
1764
1350
1389
1034
754
0
0
0
1569
306
1538
1014
1593
351
41
1908
24
95
190
830
1055
0
958
1571
562
1605
1204
432
7
2104
101
2125
356
1260
647
787
2165
900
189
0
2
1788
486
0
7
472
493
1564
1986
1994
177
2137
2112
0
660
708
973
0
798
450
121
1578
1222
0
0
995
562
1949
116
1207
92
473
1171
760
3
1807
180
199
1630
631
102
1071
2111
1780
1905
257
23
560
6
0
0
217
110
1138
1415
1289
960
115
0
74
26
255
702
1242
1381
1281
75
50
1462
22
1286
486
140
1107
692
1938
123
1365
739
1670
1910
1277
71
652
1112
1726
1603
555
2049
98
567
938
0
9
1316
1745
0
0
1881
0
880
183
1102
27
474
2006
0
0
595
1993
1939
1991
1457
1025
657
1272
341
0
533
180
332
1498
1970
205
1735
127
664
11
22
1364
767
192
434
626
2111
47
504
712
2123
787
647
24
0
0
1
145
597
189
791
129
30
0
0
12
202
1460
956
171
1242
1640
545
284
708
1996
468
1153
365
170
655
1922
1164
931
1819
2008
225
1560
525
1840
879
598
1033
922
1309
360
270
0
22
1895
6
0
16
73
24
1620
1814
704
658
107
21
456
0
735
245
159
1262
1989
324
174
764
1723
2
24
1007
61
1989
1074
1139
0
218
65
330
121
1955
545
1374
594
249
1395
554
580
252
675
1648
151
932
0
0
0
0
450
788
1265
1966
679
1330
0
2109
0
9
1192
1336
1140
1170
1190
1786
735
1168
369
1430
25
1001
1333
1815
885
1859
24
808
491
619
1509
487
849
256
906
486
1798
308
1498
953
1420
0
13
1599
12
0
0
51
11
1137
959
273
0
1485
1500
0
0
313
1585
75
19
1067
705
613
957
1995
236
19
739
608
1918
1646
1313
1833
1749
788
878
92
326
513
1643
1395
3
1018
237
1329
258
170
1544
367
693
1775
0
0
0
0
763
1188
148
329
91
508
0
10
670
0
144
2105
1947
2164
733
1951
151
898
406
1
1758
1991
1422
1925
1268
2028
1183
486
822
113
1
110
2113
561
651
1520
1075
236
4
512
1987
0
20
398
0
0
0
387
441
1774
1428
941
410
0
361
24
1643
25
1592
0
373
249
243
163
2076
221
0
1077
1172
119
1342
1825
943
646
641
2030
1550
296
1181
2100
512
614
1147
2156
611
342
1233
2112
354
7
1686
0
0
0
0
1601
1802
572
1295
122
19
358
0
10
19
19
927
670
1209
1388
402
1824
220
19
0
488
1034
0
476
1828
1317
1497
420
410
413
433
1874
333
2077
850
14
1703
1485
1027
775
504
0
1711
318
664
0
0
1826
322
1316
8
0
0
0
187
591
1840
1520
319
13
337
693
108
1742
406
1207
24
0
626
542
41
1607
247
794
167
1029
994
700
1275
52
2013
810
1656
753
2173
1016
356
2005
234
1962
1599
403
8
22
0
0
0
1469
1156
723
836
771
18
0
0
556
11
972
1144
337
273
913
1998
1909
980
1
409
234
2095
308
939
1159
591
1623
228
959
1
21
22
437
408
1228
336
1344
1692
814
16
1015
11
20
1836
24
0
5
1332
966
1141
310
0
0
14
62
0
8
132
1465
137
1530
707
1085
11
1954
1718
0
0
2071
10
916
1009
142
640
520
1266
986
742
21
426
455
500
1961
1124
1847
966
154
168
1148
1824
982
25
929
41
1
0
0
734
1165
662
1465
5
2163
1411
678
0
0
22
485
505
2100
1309
445
668
969
18
395
581
1883
1364
1594
1804
269
1089
1640
2166
1118
2120
1970
653
840
449
790
39
500
1719
2085
604
0
632
140
20
0
7
602
2088
2000
96
9
1668
14
1469
66
16
8
510
23
947
2053
1457
605
1358
475
1096
9
1722
0
2002
1345
833
370
1601
0
1043
983
170
262
1822
88
680
870
493
1160
1378
6
1575
1114
495
1432
10
0
0
0
1494
1206
2177
2157
199
1608
1719
15
10
26
15
144
420
721
15
547
249
355
395
583
1363
143
1302
1979
911
699
1350
613
1014
580
3
1376
806
1094
93
1891
1575
1591
1947
1354
1908
493
12
573
1128
0
0
0
813
438
1362
1623
1
2138
997
180
2001
6
8
1344
58
984
218
68
61
1802
19
0
894
0
969
873
925
751
31
0
1245
2136
206
1753
1533
1501
1830
2158
546
793
1610
1164
1768
981
1104
0
0
0
0
0
1052
1771
866
1754
1933
1846
761
11
0
21
307
1850
876
1400
1769
355
1377
0
0
0
510
771
1646
0
230
956
1023
699
777
14
5
515
2146
819
1084
1939
1785
582
580
917
465
946
19
40
187
695
0
5
447
16
945
461
23
476
1039
1577
696
25
1664
1092
1250
2001
719
1807
623
67
12
2128
1
2071
1186
351
21
1917
0
1617
1368
1570
2075
710
1910
437
657
596
1531
575
1414
1808
241
877
0
0
0
0
15
889
1384
1898
1734
952
1385
1775
585
25
21
26
1143
1398
70
1276
893
1742
1355
25
1924
1974
214
2115
1494
1907
1958
1388
1551
165
910
479
1245
2065
1494
1254
259
48
1586
1761
512
22
704
324
0
0
0
1855
10
2071
1847
908
0
0
1295
1842
6
0
599
390
1260
714
2085
1858
134
51
19
16
727
1653
1543
57
2096
2114
267
8
119
2056
342
974
1300
186
950
1495
1276
1750
542
1108
1622
1809
0
0
0
0
0
1102
1713
4
41
744
1277
149
0
0
14
224
846
1493
478
554
1561
0
90
696
1662
1406
2018
1924
87
1526
525
2
0
457
1730
1099
1892
576
332
814
65
1641
371
1562
16
2003
699
0
0
9
1282
405
1676
181
8
0
0
1250
994
0
14
453
1179
2085
960
1531
12
10
2023
4
0
2058
351
1585
2152
1729
2166
0
0
533
927
142
1408
79
272
1192
509
1791
1796
1108
888
603
735
1321
22
0
0
0
0
438
1570
1255
581
637
0
17
0
15
539
1550
139
1447
1907
1264
1699
1828
1555
656
22
580
153
0
1490
1470
1837
1359
1802
1757
0
26
1168
1166
707
282
217
1462
82
1804
614
0
0
2001
607
0
1825
1861
137
2103
734
1430
1765
118
980
609
0
6
1140
1909
2166
493
273
442
1738
1698
1
0
0
9
1346
1626
609
507
235
177
1401
1
201
1961
2087
1186
1364
1782
1200
650
2171
366
72
172
191
0
0
0
0
1118
1653
1397
1303
0
0
0
0
14
776
420
296
911
700
1319
978
301
545
0
2
1884
679
0
492
1776
329
1034
374
1626
20
2083
4
1980
