, 3983
, 5482
, 3075
, 603
, 5109
, 1321
, 22
, 0
, 0
, 0
, 0
, 2625
, 5944
, 5629
, 581
, 637
, 0
, 17
, 0
, 15
, 4913
, 3737
, 139
, 3634
, 6281
, 1264
, 1699
, 6202
, 1555
, 656
, 22
, 2767
, 4527
, 0
, 5864
, 1470
, 1837
, 3546
, 1802
, 3944
, 0
, 26
, 1168
, 5540
, 707
, 4656
, 4591
, 5836
, 4456
, 1804
, 614
, 0
, 0
, 6375
, 607
, 0
, 6199
, 6235
, 2324
, 6477
, 5108
, 1430
, 1765
, 118
, 3167
, 609
, 0
, 6
, 1140
, 6283
, 6540
, 4867
, 2460
, 442
, 6112
, 6072
, 1
, 0
, 0
, 9
, 3533
, 1626
, 2796
, 507
, 235
, 177
, 3588
, 1
, 201
, 6335
, 6461
, 3373
, 3551
, 6156
, 5574
, 5024
, 4358
, 4740
, 4446
, 4546
, 4565
, 0
, 0
, 0
, 0
, 5492
, 3840
, 3584
, 3490
, 0
, 0
, 0
, 0
, 14
, 2963
, 2607
, 2483
, 911
, 5074
, 3506
, 3165
, 4675
, 545
, 0
, 2
, 4071
, 679
, 0
, 492
, 1776
, 4703
, 3221
, 4748
, 1626
, 20
, 2083
, 4
, 4167
, 4276
, 2596
, 3018
, 5632
, 341
, 1637
, 290
, 5556
, 22
, 3615
, 1
, 0
, 3987
, 5
, 300
, 1291
, 3519
, 172
, 15
, 20
, 14
, 17
, 259
, 12
, 6434
, 1752
, 5321
, 2052
, 280
, 563
, 2752
, 0
, 11
, 0
, 16
, 1017
, 1810
, 410
, 77
, 47
, 503
, 357
, 244
, 2441
, 5968
, 6375
, 402
, 16
, 2023
, 6231
, 6192
, 5529
, 496
, 2361
, 4697
, 335
, 0
, 0
, 0
, 0
, 5620
, 2259
, 3829
, 4092
, 0
, 0
, 165
, 26
, 18
, 46
, 5383
, 6467
, 3297
, 6446
, 4996
, 1569
, 2930
, 0
, 2
, 532
, 2122
, 1652
, 664
, 6141
, 5601
, 3709
, 2637
, 2670
, 184
, 0
, 439
, 3514
, 5664
, 2376
, 5287
, 6287
, 4164
, 6360
, 503
, 1538
, 10
, 9
, 2363
, 262
, 0
, 1245
, 15
, 5603
, 5859
, 1058
, 0
, 0
, 143
, 471
, 2671
, 0
, 419
, 4975
, 1539
, 303
, 4861
, 11
, 312
, 462
, 526
, 55
, 17
, 314
, 4514
, 1862
, 2468
, 23
, 453
, 1769
, 2140
, 1958
, 134
, 2045
, 2822
, 678
, 5418
, 3562
, 5825
, 2074
, 1626
, 3040
, 2079
, 1449
, 4789
, 0
, 0
, 0
, 9
, 3657
, 3981
, 1301
, 17
, 665
, 0
, 2
, 0
, 1
, 1860
, 5664
, 2088
, 2943
, 6076
, 2726
, 219
, 5049
, 4681
, 130
, 407
, 608
, 5816
, 0
, 1758
, 3710
, 1205
, 1024
, 690
, 1388
, 18
, 1747
, 5937
, 748
, 823
, 4536
, 1100
, 4913
, 5982
, 2063
, 0
, 25
, 5946
, 19
, 0
, 240
, 3359
, 181
, 5083
, 4944
, 0
, 0
, 6482
, 5728
, 19
, 24
, 383
, 2866
, 2935
, 5462
, 2954
, 9
, 14
, 1514
, 4791
, 0
, 578
, 0
, 286
, 743
, 1484
, 6490
, 21
, 6160
, 144
, 25
, 652
, 6253
, 3849
, 3443
, 727
, 1614
, 2897
, 4570
, 5994
, 1695
, 91
, 4253
, 4594
, 799
, 0
, 0
, 0
, 0
, 4719
, 1503
, 2011
, 6393
, 0
, 0
, 3
, 0
, 7
, 4332
, 3792
, 1733
, 330
, 886
, 701
, 2550
, 351
, 265
, 596
, 59
, 1134
, 148
, 4563
, 5756
, 4213
, 865
, 4345
, 2956
, 1397
, 15
, 10
, 4367
, 4472
, 5117
, 2142
, 5342
, 3676
, 3399
, 665
, 1780
, 0
, 4
, 5265
, 13
, 0
, 4430
, 2220
, 5402
, 362
, 3831
, 6247
, 17
, 576
, 5886
, 2936
, 0
, 114
, 2262
, 3220
, 260
, 5831
, 6441
, 527
, 137
, 5589
, 6161
, 5938
, 2
, 6410
, 5217
, 6234
, 5947
, 3400
, 3959
, 0
, 1515
, 5586
, 5254
, 2625
, 58
, 1578
, 120
, 20
, 1995
, 3093
, 4872
, 1254
, 5208
, 3039
, 3968
, 3044
, 2
, 0
, 0
, 0
, 4801
, 5091
, 10
, 0
, 0
, 0
, 25
, 221
, 19
, 6215
, 3390
, 788
, 4294
, 5010
, 3712
, 2445
, 598
, 3447
, 8
, 22
, 1723
, 1680
, 28
, 5501
, 5095
, 639
, 5071
, 0
, 2291
, 342
, 20
, 3184
, 6470
, 1173
, 5924
, 1142
, 3115
, 2507
, 2406
, 2598
, 0
, 22
, 4686
, 2
, 0
, 585
, 423
, 1528
, 435
, 1303
, 18
, 0
, 24
, 255
, 226
, 24
, 235
, 2843
, 1437
, 281
, 1340
, 5686
, 189
, 5101
, 6
, 16
, 149
, 732
, 4780
, 3629
, 4002
, 4258
, 6501
, 5518
, 2179
, 1287
, 432
, 5707
, 2757
, 499
, 5663
, 4624
, 3798
, 1012
, 1453
, 386
, 4431
, 565
, 4084
, 12
, 0
, 0
, 26
, 2908
, 1054
, 5662
, 0
, 0
, 930
, 590
, 0
, 9
, 3317
, 1397
, 5039
, 3460
, 434
, 1052
, 5586
, 189
, 13
, 179
, 216
, 4305
, 4537
, 0
, 2242
, 1513
, 901
, 389
, 5597
, 5461
, 1146
, 167
, 6476
, 3925
, 4086
, 3214
, 41
, 4563
, 4098
, 1586
, 3048
, 0
, 15
, 1116
, 127
, 0
, 760
, 540
, 2071
, 4575
, 2201
, 9
, 0
, 172
, 5174
, 214
, 16
, 729
, 572
, 4547
, 4449
, 3803
, 658
, 229
, 4837
, 4379
, 22
, 567
, 376
, 1655
, 992
, 792
, 2678
, 5510
, 3276
, 3463
, 2153
, 702
, 1505
, 6447
, 2077
, 0
, 1953
, 4832
, 4960
, 475
, 2493
, 845
, 112
, 6009
, 905
, 0
, 0
, 0
, 0
, 4280
, 5988
, 4347
, 6
, 9
, 0
, 0
, 2
, 704
, 54
, 3214
, 5215
, 1278
, 5832
, 1075
, 4470
, 1920
, 5347
, 266
, 6013
, 2505
, 215
, 0
, 3215
, 2623
, 2420
, 3409
, 5925
, 4324
, 327
, 524
, 2591
, 5251
, 2408
, 1633
, 3315
, 4143
, 2152
, 1011
, 6249
, 6
, 14
, 5697
, 25
, 0
, 483
, 606
, 1858
, 5565
, 3805
, 1024
, 16
, 5206
, 1615
, 2609
, 129
, 2605
, 3771
, 2952
, 387
, 4056
, 0
, 96
, 2467
, 39
, 0
, 13
, 1114
, 6348
, 24
, 6304
, 2266
, 3861
, 21
, 2218
, 4666
, 3869
, 4182
, 5708
, 2373
, 661
, 874
, 1364
, 1780
, 2011
, 4460
, 474
, 411
, 577
, 6439
, 5
, 0
, 0
, 9
, 3951
, 1350
, 1389
, 3221
, 754
, 0
, 0
, 0
, 3756
, 306
, 5912
, 3201
, 5967
, 4725
, 4415
, 1908
, 24
, 95
, 190
, 5204
, 3242
, 0
, 958
, 5945
, 562
, 1605
, 5578
, 4806
, 7
, 2104
, 2288
, 4312
, 4730
, 3447
, 5021
, 5161
, 6539
, 3087
, 2376
, 0
, 2
, 6162
, 486
, 0
, 7
, 2659
, 4867
, 5938
, 4173
, 6368
, 2364
, 4324
, 6486
, 0
, 660
, 5082
, 973
, 0
, 2985
, 4824
, 2308
, 5952
, 1222
, 0
, 0
, 3182
, 2749
, 4136
, 4490
, 5581
, 4466
, 4847
, 5545
, 2947
, 3
, 3994
, 4554
, 199
, 1630
, 2818
, 2289
, 5445
, 2111
, 3967
, 1905
, 4631
, 23
, 2747
, 6
, 0
, 0
, 217
, 110
, 5512
, 5789
, 1289
, 3147
, 115
, 0
, 74
, 26
, 255
, 702
, 1242
, 1381
, 3468
, 2262
, 2237
, 1462
, 22
, 3473
, 486
, 2327
, 5481
, 5066
, 1938
, 4497
, 1365
, 2926
, 1670
, 6284
, 5651
, 71
, 652
, 3299
, 6100
, 1603
, 2742
, 2049
, 4472
, 567
, 5312
, 0
, 9
, 3503
, 1745
, 0
, 0
, 1881
, 0
, 3067
, 2370
, 5476
, 2214
, 474
, 6380
, 0
, 0
, 595
, 6367
, 6313
, 6365
, 5831
, 1025
, 657
, 1272
, 341
, 0
, 533
, 2367
, 332
, 5872
, 4157
, 205
, 1735
, 127
, 5038
, 11
, 2209
, 5738
, 767
, 192
, 4808
, 5000
, 2111
, 47
, 2691
, 5086
, 4310
, 2974
, 647
, 24
, 0
, 0
, 1
, 2332
, 597
, 189
, 2978
, 129
, 30
, 0
, 0
, 12
, 202
, 3647
, 956
, 171
, 3429
, 6014
, 4919
, 4658
, 2895
, 6370
, 468
, 3340
, 365
, 170
, 2842
, 1922
, 5538
, 931
, 6193
, 2008
, 225
, 1560
, 2712
, 1840
, 5253
, 2785
, 5407
, 5296
, 5683
, 2547
, 270
, 0
, 22
, 1895
, 6
, 0
, 16
, 73
, 24
, 1620
, 1814
, 704
, 5032
, 107
, 21
, 456
, 0
, 735
, 245
, 159
, 3449
, 6363
, 2511
, 174
, 764
, 1723
, 2
, 24
, 5381
, 2248
, 6363
, 1074
, 5513
, 0
, 218
, 65
, 2517
, 4495
, 6329
, 4919
, 3561
, 594
, 249
, 5769
, 2741
, 4954
, 252
, 2862
, 3835
, 2338
, 932
, 0
, 0
, 0
, 0
, 2637
, 788
, 1265
, 6340
, 679
, 3517
, 0
, 2109
, 0
, 9
, 5566
, 3523
, 5514
, 5544
, 3377
, 3973
, 735
, 3355
, 2556
, 3617
, 25
, 5375
, 1333
, 6189
, 885
, 4046
, 4398
, 2995
, 2678
, 4993
, 1509
, 487
, 5223
, 2443
, 3093
, 486
, 6172
, 4682
, 3685
, 953
, 3607
, 0
, 13
, 5973
, 12
, 0
, 0
, 4425
, 11
, 3324
, 5333
, 273
, 0
, 3672
, 5874
, 0
, 0
, 313
, 1585
, 75
, 19
, 3254
, 705
, 613
, 957
, 6369
, 236
, 19
, 2926
, 608
, 1918
, 3833
, 3500
, 1833
, 3936
, 2975
, 3065
, 92
, 2513
, 2700
, 6017
, 1395
, 3
, 1018
, 4611
, 5703
, 2445
, 170
, 3731
, 367
, 5067
, 6149
, 0
, 0
, 0
, 0
, 763
, 1188
, 2335
, 329
, 2278
, 4882
, 0
, 10
, 670
, 0
, 144
, 6479
, 6321
, 6538
, 5107
, 6325
, 4525
, 3085
, 406
, 1
, 3945
, 4178
, 1422
, 1925
, 3455
, 2028
, 3370
, 4860
, 3009
, 113
, 1
, 110
, 4300
, 2748
, 2838
, 5894
, 1075
, 2423
, 2191
, 2699
, 4174
, 0
, 20
, 4772
, 0
, 0
, 0
, 2574
, 4815
, 1774
, 3615
, 5315
, 410
, 0
, 361
, 24
, 1643
, 25
, 1592
, 0
, 4747
, 2436
, 243
, 163
, 6450
, 221
, 0
, 1077
, 1172
, 119
, 5716
, 4012
, 5317
, 646
, 641
, 2030
, 1550
, 4670
, 1181
, 4287
, 2699
, 614
, 5521
, 4343
, 611
, 2529
, 3420
, 2112
, 354
, 4381
, 1686
, 0
, 0
, 0
, 0
, 3788
, 3989
, 2759
, 3482
, 2309
, 19
, 4732
, 0
, 10
, 19
, 2206
, 927
, 5044
, 3396
, 3575
, 4776
, 4011
, 220
, 19
, 0
, 4862
, 5408
, 0
, 476
, 4015
, 3504
, 3684
, 2607
, 410
, 413
, 433
, 1874
, 4707
, 2077
, 5224
, 14
, 6077
, 5859
, 1027
, 5149
, 2691
, 0
, 6085
, 318
, 664
, 0
, 0
, 1826
, 322
, 3503
, 8
, 0
, 0
, 0
, 187
, 591
, 4027
, 3707
, 4693
, 13
, 337
, 5067
, 4482
, 6116
, 406
, 1207
, 24
, 0
, 5000
, 542
, 4415
, 3794
, 247
, 794
, 167
, 5403
, 3181
, 700
, 3462
, 4426
, 4200
, 810
, 1656
, 2940
, 4360
, 3203
, 2543
, 4192
, 2421
, 1962
, 5973
, 403
, 8
, 22
, 0
, 0
, 0
, 3656
, 3343
, 723
, 836
, 2958
, 18
, 0
, 0
, 556
, 11
, 972
, 5518
, 2524
, 273
, 5287
, 6372
, 4096
, 980
, 1
, 409
, 234
, 2095
, 308
, 5313
, 1159
, 591
, 5997
, 2415
, 5333
, 1
, 21
, 22
, 437
, 2595
, 5602
, 4710
, 1344
, 3879
, 814
, 16
, 3202
, 11
, 20
, 1836
, 24
, 0
, 5
, 3519
, 5340
, 5515
, 2497
, 0
, 0
, 14
, 62
, 0
, 8
, 132
, 3652
, 4511
, 3717
, 707
, 3272
, 11
, 4141
, 3905
, 0
, 0
, 2071
, 10
, 3103
, 1009
, 2329
, 5014
, 520
, 5640
, 5360
, 742
, 21
, 4800
, 4829
, 2687
, 6335
, 1124
, 4034
, 3153
, 4528
, 168
, 3335
, 6198
, 3169
, 2212
, 5303
, 41
, 1
, 0
, 0
, 5108
, 5539
, 662
, 3652
, 2192
, 4350
, 5785
, 2865
, 0
, 0
, 22
, 4859
, 2692
, 6474
, 5683
, 4819
, 668
, 969
, 18
, 395
, 581
, 1883
, 1364
, 1594
, 1804
, 4643
, 3276
, 1640
, 6540
, 1118
, 4307
, 6344
, 5027
, 3027
, 4823
, 2977
, 2226
, 500
, 3906
, 4272
, 4978
, 0
, 5006
, 140
, 20
, 0
, 7
, 2789
, 2088
, 6374
, 96
, 9
, 1668
, 14
, 5843
, 4440
, 16
, 8
, 4884
, 23
, 3134
, 6427
, 1457
, 605
, 3545
, 475
, 1096
, 9
, 1722
, 0
, 2002
, 1345
, 3020
, 2557
, 1601
, 0
, 1043
, 5357
, 4544
, 4636
, 4009
, 88
, 680
, 3057
, 2680
, 1160
, 3565
, 6
, 3762
, 5488
, 495
, 3619
, 10
, 0
, 0
, 0
, 1494
, 3393
, 2177
, 2157
, 199
, 1608
, 6093
, 15
, 10
, 26
, 15
, 144
, 2607
, 5095
, 15
, 547
, 4623
, 2542
, 395
, 583
, 5737
, 2330
, 3489
, 1979
, 911
, 699
, 5724
, 4987
, 3201
, 580
, 3
, 5750
, 806
, 1094
, 2280
, 1891
, 1575
, 5965
, 1947
, 3541
, 1908
, 493
, 12
, 573
, 1128
, 0
, 0
, 0
, 3000
, 4812
, 1362
, 1623
, 1
, 2138
, 997
, 180
, 4188
, 6
, 8
, 5718
, 58
, 984
, 4592
, 4442
, 4435
, 6176
, 19
, 0
, 894
, 0
, 969
, 873
, 3112
, 2938
, 2218
, 0
, 3432
, 2136
, 4580
, 1753
, 5907
, 1501
, 1830
, 2158
, 546
, 793
, 3797
, 3351
, 1768
, 3168
, 3291
, 0
, 0
, 0
, 0
, 0
, 3239
, 1771
, 3053
, 3941
, 4120
, 6220
, 761
, 11
, 0
, 21
, 307
, 6224
, 876
, 1400
, 3956
, 355
, 1377
, 0
, 517
, 8
, 24
, 5145
, 6020
, 0
, 2417
, 5330
, 1023
, 699
, 5151
, 14
, 0
, 2702
, 2146
, 819
, 5458
, 4126
, 1785
, 2769
, 4954
, 5291
, 4839
, 3133
, 19
, 40
, 2374
, 695
, 0
, 5
, 4821
, 16
, 945
, 461
, 0
, 2663
, 1039
, 5951
, 696
, 25
, 6038
, 5466
, 1250
, 2001
, 2906
, 6181
, 623
, 67
, 12
, 6502
, 1
, 4258
, 3373
, 2538
, 0
, 459
, 0
, 3804
, 1368
, 1570
, 2075
, 2897
, 6284
, 437
, 2844
, 4970
, 3718
, 575
, 1414
, 3995
, 241
, 5251
, 0
, 0
, 0
, 0
, 15
, 889
, 5758
, 6272
, 6108
, 3139
, 3572
, 1775
, 4959
, 25
, 21
, 26
, 5517
, 3585
, 2257
, 5650
, 893
, 3929
, 3542
, 25
, 4111
, 4161
, 4588
, 6489
, 5868
, 4094
, 1958
, 3575
, 5925
, 165
, 3097
, 479
, 5619
, 6439
, 5868
, 3441
, 2446
, 4422
, 3773
, 6135
, 512
, 22
, 704
, 2511
, 0
, 0
, 0
, 4042
, 10
, 4258
, 1847
, 908
, 0
, 0
, 5669
, 1842
, 6
, 0
, 599
, 390
, 1260
, 2901
, 6459
, 1858
, 4508
, 51
, 19
, 16
, 727
, 6027
, 3730
, 2244
, 4283
, 6488
, 267
, 4382
, 119
, 6430
, 2529
, 5348
, 3487
, 186
, 950
, 5869
, 1276
, 3937
, 542
, 1108
, 5996
, 1809
, 0
, 0
, 0
, 0
, 0
, 3289
, 3900
, 4
, 2228
, 2931
, 5651
, 2336
, 0
, 0
, 14
, 224
, 5220
, 1493
, 2665
, 554
, 5935
, 0
, 90
, 2883
, 1662
, 5780
, 2018
, 6298
, 87
, 5900
, 2712
, 2
, 0
, 457
, 3917
, 5473
, 1892
, 576
, 332
, 5188
, 65
, 3828
, 371
, 5936
, 16
, 2003
, 2886
, 0
, 0
, 9
, 3469
, 405
, 6050
, 181
, 8
, 0
, 0
, 3437
, 5368
, 0
, 14
, 453
, 5553
, 6459
, 960
, 3718
, 12
, 10
, 4210
, 4
, 0
, 6432
, 2538
, 5959
, 4339
, 1729
, 6540
, 0
, 0
, 4907
, 5301
, 2329
, 3595
, 79
, 2459
, 5566
, 4883
, 3978
, 3983
, 5482
, 3075
, 603
, 5109
, 1321
, 22
, 0
, 0
, 0
, 0
, 2625
, 5944
, 5629
, 581
, 637
, 0
, 17
, 0
, 15
, 4913
, 3737
, 139
, 3634
, 6281
, 1264
, 1699
, 6202
, 1555
, 656
, 22
, 2767
, 4527
, 0
, 5864
, 1470
, 1837
, 3546
, 1802
, 3944
, 0
, 26
, 1168
, 5540
, 707
, 4656
, 4591
, 5836
, 4456
, 1804
, 614
, 0
, 0
, 6375
, 607
, 0
, 6199
, 6235
, 2324
, 6477
, 5108
, 1430
, 1765
, 118
, 3167
, 609
, 0
, 6
, 1140
, 6283
, 6540
, 4867
, 2460
, 442
, 6112
, 6072
, 1
, 0
, 0
, 9
, 3533
, 1626
, 2796
, 507
, 235
, 177
, 3588
, 1
, 201
, 6335
, 6461
, 3373
, 3551
, 6156
, 5574
, 5024
, 4358
, 4740
, 4446
, 4546
, 4565
, 0
, 0
, 0
, 0
, 5492
, 3840
, 3584
, 3490
, 0
, 0
, 0
, 0
, 14
, 2963
, 2607
, 2483
, 911
, 5074
, 3506
, 3165
, 4675
, 545
, 0
, 2
, 4071
, 679
, 0
, 492
, 1776
, 4703
, 3221
, 4748
, 1626
, 20
, 2083
, 4
, 4167
, 4276
, 2596
, 3018
, 5632
, 341
, 1637
, 290
, 5556
, 22
, 3615
, 1
, 0
, 3987
, 5
, 300
, 1291
, 3519
, 172
, 15
, 20
, 14
, 17
, 259
, 12
, 6434
, 1752
, 5321
, 2052
, 280
, 563
, 2752
, 0
, 11
, 0
, 16
, 1017
, 1810
, 410
, 77
, 47
, 503
, 357
, 244
, 2441
, 5968
, 6375
, 402
, 16
, 2023
, 6231
, 6192
, 5529
, 496
, 2361
, 4697
, 335
, 0
, 0
, 0
, 0
, 5620
, 2259
, 3829
, 4092
, 0
, 0
, 165
, 26
, 18
, 46
, 5383
, 6467
, 3297
, 6446
, 4996
, 1569
, 2930
, 0
, 2
, 532
, 2122
, 1652
, 664
, 6141
, 5601
, 3709
, 2637
, 2670
, 184
, 0
, 439
, 3514
, 5664
, 2376
, 5287
, 6287
, 4164
, 6360
, 503
, 1538
, 0
, 9
, 2363
, 262
, 0
, 1245
, 15
, 5603
, 5859
, 1058
, 1230
, 1030
, 143
, 471
, 2671
, 0
, 419
, 4975
, 1539
, 303
, 4861
, 11
, 15
, 462
, 526
, 55
, 17
, 314
, 4514
, 1862
, 2468
, 4424
, 5556
, 0
, 2140
, 1958
, 863
, 587
, 2822
, 2865
, 18
, 3562
, 5825
, 2074
, 1626
, 3040
, 2079
, 1449
, 4789
, 908
, 0
, 0
, 0
, 12
, 3981
, 1301
, 3527
, 17
, 725
, 0
, 3
, 0
, 24
, 5664
, 2088
, 2943
, 6076
, 2726
, 219
, 5049
, 4681
, 1588
, 407
, 608
, 5816
, 1538
, 0
, 3710
, 1205
, 1024
, 690
, 659
, 6282
, 19
, 5937
, 748
, 823
, 4536
, 1100
, 4913
, 5982
, 2063
, 477
, 0
, 6
, 4663
, 7
, 0
, 3359
, 6013
, 709
, 4944
, 1833
, 0
, 0
, 5728
, 1342
, 24
, 5
, 679
, 2935
, 5462
, 2954
, 4842
, 14
, 56
, 4791
, 3020
, 0
, 78
, 0
, 14
, 1484
, 6490
, 4746
, 4
, 144
, 943
, 4
, 421
, 3849
, 3443
, 2914
, 156
, 2897
, 4570
, 5994
, 1695
, 91
, 4253
, 4594
, 799
, 1355
, 0
, 0
, 0
, 0
, 1503
, 2011
, 6393
, 4186
, 0
, 0
, 19
, 0
, 12
, 3792
, 1733
, 330
, 886
, 701
, 2550
, 5454
, 265
, 596
, 59
, 1134
, 148
, 4563
, 5756
, 4213
, 865
, 4345
, 2956
, 1397
, 1635
, 10
, 20
, 4472
, 5117
, 2142
, 5342
, 3676
, 3399
, 665
, 322
, 3561
, 0
, 0
, 1282
, 18
, 0
, 2220
, 5402
, 362
, 3831
, 6247
, 3878
, 9
, 5886
, 2936
, 4288
, 0
, 75
, 3220
, 260
, 5831
, 6441
, 5630
, 137
, 5589
, 6161
, 5938
, 5915
, 0
, 114
, 6234
, 5947
, 3400
, 3959
, 6493
, 0
, 5586
, 5254
, 438
, 58
, 1578
, 849
, 20
, 1995
, 3093
, 4872
, 1254
, 5208
, 3039
, 3968
, 3044
, 1838
, 10
, 0
, 0
, 0
, 5091
, 1819
, 7
, 0
, 0
, 0
, 5
, 343
, 5
, 3390
, 788
, 4294
, 5010
, 3712
, 2445
, 6430
, 531
, 6380
, 22
, 22
, 1680
, 28
, 398
, 5095
, 639
, 5071
, 1885
, 0
, 1071
, 398
, 25
, 6470
, 1173
, 5924
, 1142
, 3115
, 2507
, 2406
, 2598
, 3309
, 0
, 15
, 3836
, 18
, 0
, 423
, 1528
, 435
, 1303
, 3177
, 8
, 0
, 12
, 955
, 24
, 19
, 656
, 1437
, 281
, 1340
, 5686
, 6021
, 727
, 1599
, 16
, 14
, 3
, 4780
, 3629
, 4002
, 4258
, 6501
, 5518
, 2179
, 1287
, 4806
, 604
, 2757
, 5602
, 560
, 4624
, 3798
, 1012
, 1453
, 386
, 4431
, 565
, 4084
, 3873
, 5
, 0
, 0
, 19
, 1054
, 5662
, 1586
, 0
, 0
, 590
, 5131
, 0
, 23
, 1397
, 5039
, 3460
, 434
, 1052
, 5586
, 918
, 13
, 17
, 216
, 660
, 4537
, 6254
, 0
, 1513
, 901
, 389
, 5597
, 5461
, 1146
, 5270
, 644
, 3925
, 4086
, 3214
, 41
, 4563
, 4098
, 1586
, 3048
, 1478
, 0
, 9
, 5230
, 36
, 0
, 540
, 2071
, 4575
, 2201
, 3006
, 7
, 0
, 71
, 214
, 6145
, 0
, 572
, 4547
, 4449
, 3803
, 658
, 229
, 4837
, 4379
, 3316
, 0
, 376
, 197
, 992
, 792
, 2678
, 5510
, 3276
, 3463
, 2153
, 702
, 47
, 6447
, 2077
, 1419
, 0
, 4832
, 4960
, 475
, 2493
, 845
, 112
, 6009
, 905
, 2903
, 0
, 0
, 0
, 0
, 5988
, 4347
, 330
, 9
, 0
, 0
, 0
, 2
, 54
, 3214
, 5215
, 1278
, 5832
, 1075
, 4470
, 1920
, 5347
, 266
, 181
, 2505
, 215
, 3443
, 0
, 2623
, 2420
, 3409
, 5925
, 4324
, 6159
, 524
, 2591
, 5251
, 2408
, 1633
, 3315
, 4143
, 2152
, 1011
, 6249
, 1518
, 14
, 0
, 943
, 22
, 0
, 606
, 1858
, 5565
, 3805
, 1024
, 3094
, 22
, 1615
, 2609
, 4503
, 418
, 3771
, 2952
, 387
, 4056
, 12
, 0
, 280
, 39
, 4928
, 0
, 7
, 6348
, 24
, 6304
, 2266
, 3861
, 4530
, 2218
, 4666
, 3869
, 4182
, 5708
, 2373
, 5764
, 145
, 1364
, 1780
, 2011
, 4460
, 474
, 411
, 577
, 6439
, 5864
, 4
, 0
, 0
, 9
, 1350
, 1389
, 3221
, 754
, 2481
, 0
, 0
, 0
, 306
, 5912
, 3201
, 5967
, 4725
, 4415
, 1908
, 4101
, 14
, 190
, 101
, 3242
, 4319
, 0
, 5945
, 562
, 1605
, 5578
, 4806
, 4570
, 25
, 2288
, 4312
, 4730
, 3447
, 5021
, 5161
, 6539
, 3087
, 2376
, 2339
, 0
, 6
, 4860
, 148
, 0
, 13
, 4867
, 5938
, 4173
, 6368
, 2364
, 4324
, 6486
, 6555
, 0
, 708
, 973
, 2555
, 0
, 4824
, 2308
, 5952
, 1222
, 3706
, 0
, 0
, 2749
, 4136
, 4490
, 5581
, 4466
, 4847
, 5545
, 2947
, 624
, 25
, 4554
, 199
, 1630
, 2818
, 2289
, 5445
, 2111
, 3967
, 1905
, 4631
, 1454
, 20
, 681
, 6
, 0
, 0
, 110
, 5512
, 5789
, 1289
, 3147
, 5218
, 11
, 0
, 26
, 12
, 702
, 1242
, 1381
, 3468
, 2262
, 2237
, 1462
, 5935
, 17
, 486
, 140
, 5481
, 5066
, 1938
, 4497
, 1365
, 2926
, 1670
, 6284
, 5651
, 2258
, 652
, 3299
, 6100
, 1603
, 2742
, 2049
, 4472
, 567
, 5312
, 5841
, 0
, 20
, 1745
, 5182
, 0
, 0
, 2696
, 0
, 2370
, 5476
, 2214
, 2661
, 548
, 6512
, 0
, 0
, 6367
, 6313
, 6365
, 5831
, 1025
, 1386
, 543
, 1799
, 208
, 0
, 180
, 3248
, 40
, 4157
, 205
, 1735
, 127
, 5038
, 5276
, 22
, 5738
, 767
, 3108
, 434
, 5000
, 2111
, 47
, 2691
, 5086
, 4310
, 2974
, 647
, 3264
, 14
, 0
, 0
, 10
, 597
, 189
, 2978
, 129
, 30
, 46
, 0
, 0
, 13
, 2
, 956
, 171
, 3429
, 6014
, 4919
, 4658
, 2895
, 6370
, 6300
, 424
, 365
, 899
, 655
, 1922
, 5538
, 931
, 6193
, 2008
, 5328
, 102
, 2712
, 1840
, 5253
, 2785
, 5407
, 5296
, 5683
, 2547
, 270
, 88
, 0
, 5
, 735
, 2
, 0
, 19
, 510
, 0
, 1814
, 704
, 5032
, 107
, 21
, 456
, 4598
, 0
, 245
, 159
, 3449
, 6363
, 2511
, 3819
, 35
, 1723
, 3647
, 645
, 8
, 2248
, 6363
, 1074
, 5513
, 600
, 0
, 65
, 330
, 4495
, 6329
, 545
, 3561
, 594
, 249
, 5769
, 2741
, 4954
, 252
, 675
, 3835
, 2338
, 932
, 4343
, 0
, 0
, 0
, 0
, 788
, 1265
, 6340
, 679
, 3517
, 3884
, 0
, 241
, 0
, 4
, 3523
, 5514
, 5544
, 3377
, 3973
, 735
, 3355
, 2556
, 3617
, 457
, 2
, 1333
, 6189
, 885
, 4046
, 4398
, 2995
, 2678
, 4993
, 1509
, 1216
, 120
, 2443
, 3093
, 486
, 6172
, 4682
, 3685
, 953
, 3607
, 5055
, 0
, 6
, 2361
, 25
, 0
, 0
, 2144
, 3
, 5333
, 273
, 1507
, 0
, 5874
, 2669
, 0
, 0
, 127
, 4449
, 343
, 14
, 705
, 613
, 957
, 6369
, 236
, 532
, 10
, 4982
, 460
, 3833
, 3500
, 1833
, 3936
, 2975
, 3065
, 821
, 326
, 2700
, 6017
, 1395
, 3756
, 19
, 4611
, 5703
, 2445
, 170
, 3731
, 367
, 5067
, 6149
, 3333
, 0
, 0
, 0
, 0
, 1188
, 2335
, 3245
, 91
, 4882
, 5566
, 0
, 22
, 0
, 9
, 6479
, 6321
, 6538
, 5107
, 6325
, 4525
, 3085
, 2593
, 244
, 3
, 4178
, 1422
, 1925
, 3455
, 2028
, 3370
, 4860
, 3009
, 5216
, 1
, 110
, 655
, 2748
, 2838
, 5894
, 1075
, 2423
, 2191
, 2699
, 4174
, 37
, 0
, 20
, 2825
, 0
, 0
, 0
, 4815
, 1774
, 3615
, 5315
, 5513
, 505
, 0
, 4074
, 23
, 2644
, 26
, 110
, 0
, 2436
, 243
, 5995
, 618
, 1679
, 175
, 0
, 1172
, 119
, 5716
, 4012
, 5317
, 3562
, 641
, 572
, 1550
, 4670
, 1181
, 4287
, 2699
, 4988
, 418
, 4343
, 611
, 2529
, 3420
, 2112
, 354
, 4381
, 1686
, 646
, 0
, 0
, 0
, 0
, 3989
, 2759
, 3482
, 2309
, 3097
, 7
, 4084
, 0
, 19
, 19
, 927
, 5044
, 3396
, 3575
, 4776
, 4011
, 2407
, 208
, 4
, 0
, 5408
, 2734
, 0
, 370
, 3504
, 3684
, 2607
, 4784
, 413
, 433
, 416
, 4707
, 2077
, 5224
, 1364
, 2
, 5859
, 1027
, 5149
, 2691
, 1171
, 0
, 318
, 3580
, 602
, 0
, 0
, 322
, 3503
, 1385
, 13
, 0
, 0
, 0
, 591
, 4027
, 3707
, 4693
, 202
, 13
, 5067
, 4482
, 6116
, 406
, 1207
, 2778
, 0
, 0
, 542
, 4415
, 3794
, 1705
, 65
, 167
, 5403
, 3181
, 6532
, 546
, 4426
, 4200
, 810
, 1656
, 2940
, 4360
, 3203
, 2543
, 4192
, 2421
, 1962
, 5973
, 403
, 3977
, 22
, 19
, 0
, 0
, 0
, 3343
, 2910
, 107
, 2958
, 1746
, 0
, 0
, 0
, 335
, 0
, 5518
, 2524
, 3918
, 184
, 6372
, 4096
, 980
, 5698
, 4
, 234
, 637
, 4682
, 210
, 1159
, 591
, 5997
, 2415
, 5333
, 5725
, 21
, 22
, 5
, 2595
, 5602
, 4710
, 1344
, 3879
, 814
, 1879
, 16
, 2279
, 20
, 0
, 4236
, 17
, 0
, 9
, 5340
, 5515
, 2497
, 5249
, 0
, 0
, 8
, 716
, 0
, 24
, 7
, 4511
, 3717
, 707
, 3272
, 983
, 10
, 3905
, 5920
, 0
, 0
, 6274
, 25
, 1009
, 2329
, 5014
, 4894
, 537
, 5360
, 742
, 21
, 4800
, 4829
, 2687
, 6335
, 1124
, 4034
, 3153
, 4528
, 168
, 3335
, 6198
, 3169
, 2212
, 5303
, 2957
, 109
, 7
, 0
, 0
, 5539
, 2120
, 7
, 2192
, 4350
, 5785
, 2865
, 481
, 0
, 0
, 26
, 2692
, 6474
, 5683
, 4819
, 668
, 969
, 5742
, 17
, 581
, 425
, 1364
, 1594
, 1804
, 4643
, 3276
, 1640
, 6540
, 1118
, 4307
, 6344
, 5027
, 3027
, 4823
, 2977
, 2226
, 500
, 3906
, 4272
, 4978
, 5096
, 0
, 140
, 452
, 24
, 0
, 8
, 2088
, 6374
, 96
, 2871
, 21
, 5279
, 11
, 4440
, 5983
, 8
, 24
, 2669
, 2
, 6427
, 1457
, 6437
, 629
, 475
, 1096
, 2277
, 21
, 811
, 0
, 1345
, 3020
, 2557
, 1601
, 368
, 0
, 5357
, 4544
, 4636
, 4009
, 88
, 680
, 3057
, 2680
, 1160
, 3565
, 4299
, 9
, 5488
, 495
, 3619
, 1900
, 6
, 0
, 0
, 0
, 3393
, 2177
, 2157
, 199
, 1608
, 6093
, 3822
, 10
, 26
, 15
, 9
, 2607
, 5095
, 3471
, 7
, 249
, 2542
, 395
, 2041
, 634
, 2330
, 3489
, 1979
, 911
, 2886
, 621
, 4987
, 3201
, 5683
, 597
, 26
, 806
, 1094
, 2280
, 1891
, 1575
, 5965
, 1947
, 3541
, 1908
, 493
, 4791
, 6
, 399
, 3732
, 0
, 0
, 0
, 4812
, 1362
, 1623
, 514
, 5
, 997
, 180
, 4188
, 5001
, 8
, 21
, 5161
, 255
, 4592
, 4442
, 4435
, 6176
, 4906
, 16
, 0
, 4176
, 0
, 873
, 3112
, 2938
, 2218
, 2232
, 0
, 2136
, 4580
, 1753
, 5907
, 1501
, 1830
, 2158
, 546
, 793
, 3797
, 3351
, 1768
, 3168
, 3291
, 3389
, 0
, 0
, 0
, 0
, 0
, 1771
, 3053
, 3941
, 4120
, 6220
, 761
, 4493
, 11
, 0
, 10
, 392
, 876
, 1400
, 3956
, 3271
, 648
, 3749
, 0
, 413
, 24
, 15
, 6020
, 4716
, 0
, 5330
, 1023
, 699
, 5151
, 1121
, 5
, 0
, 2146
, 819
, 5458
, 4126
, 1785
, 2769
, 4954
, 5291
, 4839
, 3133
, 5446
, 13
, 2374
, 2882
, 456
, 0
, 15
, 16
, 945
, 461
, 752
, 0
, 1039
, 5951
, 2883
, 322
, 17
, 5466
, 1250
, 2001
, 2906
, 6181
, 623
, 67
, 3981
, 22
, 1864
, 19
, 3373
, 2538
, 5340
, 0
, 585
, 0
, 1368
, 1570
, 2075
, 2897
, 6284
, 1895
, 657
, 4970
, 3718
, 575
, 1414
, 3995
, 970
, 148
, 1483
, 0
, 19
, 0
, 0
, 25
, 5758
, 6272
, 6108
, 3139
, 3572
, 1775
, 4959
, 3886
, 21
, 26
, 9
, 3585
, 2257
, 5650
, 893
, 3929
, 3542
, 4750
, 7
, 4161
, 4588
, 6489
, 5868
, 4094
, 1958
, 3575
, 5925
, 2352
, 181
, 479
, 5619
, 6439
, 5868
, 3441
, 2446
, 4422
, 3773
, 6135
, 4886
, 697
, 2
, 324
, 4016
, 0
, 0
, 0
, 5113
, 613
, 1847
, 908
, 3223
, 0
, 0
, 1842
, 6027
, 0
, 0
, 390
, 1260
, 2901
, 6459
, 1858
, 4508
, 5154
, 613
, 16
, 25
, 195
, 3730
, 2244
, 4283
, 6488
, 996
, 8
, 119
, 6430
, 2529
, 5348
, 3487
, 186
, 221
, 5869
, 1276
, 3937
, 542
, 1108
, 5996
, 1809
, 6482
, 0
, 0
, 0
, 0
, 0
, 3900
, 679
, 14
, 2931
, 5651
, 2336
, 2355
, 0
, 0
, 8
, 117
, 1493
, 2665
, 554
, 5935
, 5391
, 0
, 696
, 1662
, 5780
, 2018
, 6298
, 87
, 5900
, 2712
, 6158
, 23
, 0
, 272
, 5473
, 1892
, 576
, 4706
, 85
, 65
, 3828
, 371
, 5936
, 2959
, 5
, 2886
, 6467
, 0
, 0
, 13
, 5508
, 218
, 181
, 6407
, 10
, 0
, 0
, 5368
, 366
, 0
, 21
, 450
, 6459
, 960
, 3718
, 1389
, 10
, 25
, 2947
, 24
, 0
, 2538
, 5959
, 4339
, 1729
, 6540
, 2624
, 0
, 0
, 5301
, 2329
, 3595
, 79
, 2459
, 5566
, 4883
, 3978
, 2976
, 1796
, 1108
, 888
, 4977
, 735
, 1321
, 22
, 0
, 0
, 0
, 0
, 438
, 3757
, 1255
, 581
, 637
, 0
, 17
, 0
, 15
, 539
, 5924
, 139
, 5821
, 6281
, 5638
, 6073
, 6202
, 5929
, 656
, 22
, 580
, 153
, 0
, 5864
, 5844
, 6211
, 5733
, 6176
, 6131
, 0
, 26
, 5542
, 1166
, 707
, 282
, 217
, 5836
, 82
, 6178
, 614
, 0
, 0
, 6375
, 607
, 0
, 6199
, 6235
, 137
, 6477
, 734
, 5804
, 6139
, 2305
, 980
, 609
, 0
, 6
, 5514
, 6283
, 6540
, 493
, 273
, 442
, 6112
, 6072
, 1
, 0
, 0
, 9
, 5720
, 6000
, 609
, 507
, 235
, 177
, 5775
, 1
, 201
, 6335
, 6461
, 1186
, 1364
, 6156
, 1200
, 650
, 2171
, 4740
, 72
, 172
, 191
, 0
, 0
, 0
, 0
, 5492
, 1653
, 5771
, 5677
, 0
, 0
, 0
, 0
, 14
, 776
, 420
, 296
, 911
, 700
, 5693
, 978
, 301
, 545
, 0
, 2
, 6258
, 679
, 0
, 492
, 6150
, 329
, 1034
, 374
, 6000
, 20
, 6457
, 4
, 1980
, 6463
, 409
, 831
, 5632
, 341
, 6011
, 290
, 1182
, 22
, 5802
, 1
, 0
, 6174
, 5
, 300
, 5665
, 5706
, 172
, 15
, 20
, 14
, 17
, 259
, 12
, 6434
, 6126
, 947
, 6426
, 280
, 563
, 565
, 0
, 11
, 0
, 16
, 1017
, 6184
, 410
, 77
, 47
, 503
, 357
, 244
, 254
, 5968
, 6375
, 402
, 16
, 2023
, 6231
, 4005
, 1155
, 496
, 174
, 323
, 335
, 0
, 0
, 0
, 0
, 5620
, 2259
, 6016
, 6279
, 0
, 0
, 165
, 26
, 18
, 46
, 1009
, 6467
, 5484
, 6446
, 622
, 5943
, 743
, 0
, 2
, 532
, 6496
, 6026
, 664
, 6141
, 5601
, 5896
, 450
, 483
, 184
, 0
, 439
, 1327
, 3477
, 189
, 913
, 6287
, 6351
, 6360
, 503
, 1538
, 10
, 9
, 176
, 262
, 0
, 5619
, 15
, 5603
, 5859
, 1058
, 0
, 0
, 4517
, 471
, 484
, 0
, 419
, 601
, 5913
, 2490
, 487
, 11
, 312
, 462
, 526
, 55
, 17
, 314
, 140
, 6236
, 281
, 23
, 453
, 6143
, 6514
, 6332
, 134
, 6419
, 635
, 678
, 1044
, 1375
, 1451
, 6448
, 1626
, 853
, 2079
, 5823
, 415
, 0
, 0
, 0
, 9
, 5844
, 1794
, 5675
, 17
, 665
, 0
, 2
, 0
, 1
, 6234
, 1290
, 6462
, 756
, 6076
, 539
, 219
, 675
, 307
, 130
, 407
, 608
, 5816
, 0
, 6132
, 5897
, 5579
, 1024
, 690
, 5762
, 18
, 6121
, 1563
, 748
, 823
, 2349
, 5474
, 539
, 5982
, 6437
, 0
, 25
, 5946
, 19
, 0
, 240
, 5546
, 181
, 709
, 570
, 0
, 0
, 2108
, 5728
, 19
, 24
, 383
, 679
, 748
, 1088
, 5141
, 9
, 14
, 5888
, 417
, 0
, 578
, 0
, 286
, 743
, 5858
, 6490
, 21
, 6160
, 144
, 25
, 652
, 1879
, 6036
, 5630
, 727
, 5988
, 5084
, 196
, 5994
, 3882
, 4465
, 6440
, 220
, 5173
, 0
, 0
, 0
, 0
, 345
, 5877
, 6385
, 6393
, 0
, 0
, 3
, 0
, 7
, 2145
, 5979
, 6107
, 330
, 886
, 701
, 363
, 351
, 265
, 596
, 4433
, 1134
, 148
, 189
, 5756
, 6400
, 865
, 6532
, 769
, 5771
, 15
, 10
, 6554
, 98
, 743
, 6516
, 968
, 5863
, 5586
, 665
, 6154
, 0
, 4
, 891
, 13
, 0
, 56
, 33
, 1028
, 362
, 6018
, 6247
, 17
, 2763
, 5886
, 749
, 0
, 114
, 75
, 1033
, 260
, 5831
, 6441
, 527
, 137
, 5589
, 6161
, 5938
, 2
, 6410
, 843
, 6234
, 5947
, 5587
, 1772
, 0
, 5889
, 5586
, 3067
, 438
, 58
, 5952
, 120
, 20
, 1995
, 906
, 498
, 1254
, 834
, 852
, 6155
, 5231
, 2
, 0
, 0
, 0
, 427
, 5091
, 10
, 0
, 0
, 0
, 25
, 221
, 19
, 6215
, 5577
, 788
, 2107
, 636
, 5899
, 258
, 598
, 5634
, 8
, 22
, 6097
, 6054
, 28
, 5501
, 721
, 639
, 697
, 0
, 104
, 342
, 20
, 997
, 6470
, 5547
, 5924
, 5516
, 928
, 320
, 219
, 411
, 0
, 22
, 312
, 2
, 0
, 585
, 423
, 5902
, 435
, 5677
, 18
, 0
, 24
, 255
, 226
, 24
, 235
, 656
, 5811
, 281
, 5714
, 5686
, 189
, 727
, 6
, 16
, 149
, 732
, 406
, 5816
, 6189
, 6445
, 2127
, 5518
, 6553
, 5661
, 432
, 5707
, 570
, 499
, 5663
, 2437
, 5985
, 1012
, 5827
, 4760
, 57
, 565
, 6271
, 12
, 0
, 0
, 26
, 721
, 1054
, 1288
, 0
, 0
, 930
, 4964
, 0
, 9
, 1130
, 5771
, 665
, 5647
, 434
, 1052
, 5586
, 189
, 13
, 179
, 216
, 6492
, 163
, 0
, 55
, 5887
, 901
, 389
, 5597
, 1087
, 5520
, 167
, 6476
, 6112
, 6273
, 3214
, 41
, 189
, 6285
, 5960
, 861
, 0
, 15
, 5490
, 127
, 0
, 760
, 540
, 6445
, 201
, 14
, 9
, 0
, 172
, 800
, 214
, 16
, 729
, 572
, 173
, 75
, 5990
, 658
, 229
, 463
, 5
, 22
, 567
, 376
, 6029
, 992
, 792
, 491
, 5510
, 1089
, 5650
, 6527
, 702
, 5879
, 6447
, 6451
, 0
, 6327
, 2645
, 586
, 475
, 306
, 845
, 112
, 6009
, 5279
, 0
, 0
, 0
, 0
, 6467
, 1614
, 2160
, 6
, 9
, 0
, 0
, 2
, 704
, 4428
, 1027
, 841
, 5652
, 5832
, 1075
, 96
, 6294
, 5347
, 266
, 3826
, 318
, 215
, 0
, 1028
, 436
, 233
, 5596
, 5925
, 6511
, 327
, 524
, 4778
, 3064
, 221
, 6007
, 5502
, 6330
, 6526
, 1011
, 6249
, 6
, 14
, 5697
, 25
, 0
, 483
, 606
, 6232
, 5565
, 5992
, 1024
, 16
, 832
, 5989
, 422
, 129
, 418
, 5958
, 765
, 387
, 6243
, 0
, 96
, 280
, 39
, 0
, 13
, 3301
, 6348
, 24
, 6304
, 79
, 6048
, 21
, 31
, 292
, 6056
, 6369
, 5708
, 186
, 661
, 874
, 5738
, 6154
, 6385
, 86
, 2661
, 4785
, 577
, 6439
, 5
, 0
, 0
, 9
, 6138
, 1350
, 5763
, 1034
, 754
, 0
, 0
, 0
, 5943
, 306
, 5912
, 1014
, 5967
, 351
, 41
, 6282
, 24
, 95
, 190
, 830
, 1055
, 0
, 958
, 1571
, 562
, 5979
, 5578
, 432
, 7
, 6478
, 4475
, 6499
, 356
, 5634
, 647
, 787
, 6539
, 900
, 189
, 0
, 2
, 6162
, 486
, 0
, 7
, 472
, 493
, 5938
, 6360
, 1994
, 177
, 4324
, 6486
, 0
, 660
, 708
, 5347
, 0
, 798
, 450
, 121
, 5952
, 5596
, 0
, 0
, 995
, 562
, 6323
, 116
, 5581
, 92
, 473
, 5545
, 760
, 3
, 1807
, 180
, 199
, 6004
, 631
, 2289
, 3258
, 6485
, 6154
, 1905
, 257
, 23
, 560
, 6
, 0
, 0
, 217
, 110
, 5512
, 5789
, 5663
, 960
, 115
, 0
, 74
, 26
, 255
, 702
, 5616
, 5755
, 5655
, 75
, 50
, 5836
, 22
, 1286
, 486
, 140
, 1107
, 692
, 6312
, 123
, 5739
, 739
, 6044
, 6284
, 5651
, 71
, 2839
, 5486
, 6100
, 5977
, 555
, 6423
, 98
, 567
, 5312
, 0
, 9
, 5690
, 3932
, 0
, 0
, 1881
, 0
, 880
, 183
, 1102
, 27
, 474
, 6380
, 0
, 0
, 595
, 6367
, 6313
, 6365
, 5831
, 1025
, 657
, 5646
, 341
, 0
, 533
, 180
, 332
, 5872
, 6344
, 205
, 6109
, 127
, 664
, 11
, 22
, 5738
, 767
, 192
, 434
, 2813
, 2111
, 2234
, 504
, 712
, 4310
, 787
, 647
, 24
, 0
, 0
, 1
, 145
, 597
, 4563
, 791
, 129
, 30
, 0
, 0
, 12
, 202
, 5834
, 3143
, 171
, 5616
, 6014
, 545
, 4658
, 708
, 1996
, 468
, 5527
, 365
, 170
, 655
, 6296
, 5538
, 931
, 6193
, 6382
, 225
, 1560
, 525
, 1840
, 879
, 598
, 5407
, 922
, 1309
, 360
, 270
, 0
, 22
, 6269
, 6
, 0
, 16
, 73
, 24
, 5994
, 6188
, 2891
, 658
, 107
, 21
, 456
, 0
, 735
, 245
, 159
, 5636
, 6363
, 324
, 174
, 764
, 6097
, 2
, 24
, 1007
, 61
, 6363
, 1074
, 5513
, 0
, 218
, 65
, 2517
, 121
, 4142
, 545
, 5748
, 594
, 4623
, 1395
, 554
, 2767
, 252
, 675
, 6022
, 151
, 5306
, 0
, 0
, 0
, 0
, 450
, 2975
, 5639
, 6340
, 679
, 5704
, 0
, 6483
, 0
, 9
, 5566
, 5710
, 5514
, 1170
, 3377
, 6160
, 735
, 5542
, 369
, 5804
, 25
, 1001
, 5707
, 6189
, 885
, 6233
, 24
, 808
, 491
, 619
, 5883
, 487
, 5223
, 4630
, 906
, 486
, 6172
, 308
, 5872
, 953
, 5794
, 0
, 13
, 5973
, 12
, 0
, 0
, 51
, 11
, 5511
, 959
, 273
, 0
, 1485
, 5874
, 0
, 0
, 313
, 5959
, 75
, 19
, 1067
, 705
, 613
, 957
, 6369
, 236
, 19
, 739
, 608
, 6292
, 6020
, 5687
, 6207
, 3936
, 788
, 878
, 92
, 4700
, 513
, 6017
, 5769
, 3
, 5392
, 237
, 1329
, 258
, 170
, 5918
, 4741
, 693
, 6149
, 0
, 0
, 0
, 0
, 763
, 5562
, 4522
, 329
, 91
, 508
, 0
, 10
, 670
, 0
, 144
, 6479
, 6321
, 6538
, 733
, 6325
, 151
, 898
, 406
, 1
, 6132
, 6365
, 5796
, 6299
, 5642
, 6402
, 5557
, 486
, 822
, 113
, 1
, 110
, 4300
, 4935
, 651
, 5894
, 1075
, 236
, 4
, 512
, 6361
, 0
, 20
, 398
, 0
, 0
, 0
, 387
, 441
, 6148
, 5802
, 941
, 410
, 0
, 361
, 24
, 6017
, 25
, 5966
, 0
, 2560
, 249
, 243
, 163
, 6450
, 221
, 0
, 5451
, 5546
, 119
, 5716
, 6199
, 943
, 646
, 641
, 6404
, 5924
, 296
, 5555
, 6474
, 512
, 614
, 5521
, 6530
, 611
, 342
, 5607
, 6486
, 354
, 7
, 6060
, 0
, 0
, 0
, 0
, 5975
, 6176
, 572
, 5669
, 122
, 19
, 358
, 0
, 10
, 19
, 19
, 3114
, 2857
, 5583
, 5762
, 402
, 6198
, 220
, 19
, 0
, 488
, 1034
, 0
, 476
, 6202
, 1317
, 5871
, 420
, 410
, 413
, 433
, 6248
, 4707
, 6451
, 850
, 14
, 6077
, 5859
, 1027
, 775
, 504
, 0
, 6085
, 318
, 664
, 0
, 0
, 1826
, 322
, 5690
, 8
, 0
, 0
, 0
, 187
, 591
, 6214
, 5894
, 319
, 13
, 337
, 693
, 108
, 6116
, 406
, 5581
, 24
, 0
, 626
, 542
, 41
, 5981
, 247
, 794
, 167
, 1029
, 994
, 700
, 5649
, 2239
, 6387
, 810
, 6030
, 753
, 6547
, 5390
, 356
, 6379
, 234
, 6336
, 1599
, 403
, 8
, 22
, 0
, 0
, 0
, 5843
, 5530
, 723
, 836
, 771
, 18
, 0
, 0
, 556
, 11
, 972
, 1144
, 4711
, 273
, 913
, 6372
, 6283
, 980
, 1
, 409
, 234
, 6469
, 308
, 939
, 1159
, 591
, 5997
, 228
, 959
, 1
, 21
, 22
, 437
, 408
, 5602
, 336
, 5718
, 6066
, 814
, 16
, 1015
, 11
, 20
, 6210
, 24
, 0
, 5
, 5706
, 966
, 5515
, 310
, 0
, 0
, 14
, 62
, 0
, 8
, 132
, 5839
, 137
, 5904
, 707
, 1085
, 11
, 6328
, 6092
, 0
, 0
, 6445
, 10
, 916
, 1009
, 142
, 640
, 520
, 5640
, 986
, 5116
, 21
, 426
, 2642
, 500
, 6335
, 5498
, 6221
, 966
, 154
, 168
, 5522
, 1824
, 982
, 25
, 929
, 41
, 1
, 0
, 0
, 734
, 1165
, 662
, 5839
, 5
, 6537
, 5785
, 678
, 0
, 0
, 22
, 2672
, 505
, 6474
, 5683
, 445
, 668
, 969
, 18
, 395
, 581
, 6257
, 5738
, 5968
, 6178
, 269
, 1089
, 6014
, 6540
, 5492
, 6494
, 6344
, 653
, 840
, 449
, 790
, 39
, 500
, 6093
, 6459
, 604
, 0
, 632
, 140
, 20
, 0
, 7
, 602
, 6462
, 6374
, 96
, 9
, 1668
, 14
, 5843
, 66
, 16
, 8
, 510
, 23
, 947
, 6427
, 5831
, 605
, 5732
, 475
, 5470
, 9
, 6096
, 0
, 6376
, 5719
, 833
, 370
, 5975
, 0
, 1043
, 983
, 2357
, 262
, 6196
, 88
, 680
, 870
, 2680
, 5534
, 3565
, 6
, 5949
, 3301
, 495
, 5806
, 10
, 0
, 0
, 0
, 1494
, 5580
, 2177
, 6531
, 199
, 5982
, 6093
, 15
, 10
, 26
, 15
, 144
, 420
, 2908
, 15
, 547
, 249
, 355
, 395
, 583
, 5737
, 143
, 5676
, 6353
, 911
, 699
, 5724
, 613
, 1014
, 580
, 3
, 1376
, 806
, 5468
, 93
, 6265
, 5949
, 5965
, 6321
, 5728
, 6282
, 493
, 12
, 573
, 5502
, 0
, 0
, 0
, 813
, 438
, 5736
, 5997
, 1
, 2138
, 997
, 180
, 6375
, 6
, 8
, 5718
, 58
, 984
, 218
, 68
, 61
, 1802
, 19
, 0
, 894
, 0
, 969
, 873
, 925
, 751
, 31
, 0
, 5619
, 6510
, 206
, 6127
, 5907
, 3688
, 6204
, 6532
, 2733
, 2980
, 5984
, 1164
, 6142
, 981
, 5478
, 0
, 0
, 0
, 0
, 0
, 1052
, 6145
, 866
, 6128
, 6307
, 6220
, 761
, 11
, 0
, 21
, 307
, 6224
, 876
, 5774
, 6143
, 355
, 5751
, 0
, 0
, 0
, 510
, 771
, 6020
, 0
, 230
, 956
, 1023
, 699
, 777
, 14
, 5
, 515
, 2146
, 3006
, 1084
, 6313
, 6159
, 4956
, 580
, 917
, 465
, 946
, 19
, 40
, 187
, 695
, 0
, 5
, 447
, 16
, 945
, 461
, 23
, 476
, 3226
, 5951
, 696
, 25
, 6038
, 5466
, 5624
, 6375
, 719
, 6181
, 623
, 67
, 12
, 4315
, 1
, 6445
, 5560
, 351
, 21
, 6291
, 0
, 5991
, 5742
, 5944
, 6449
, 710
, 6284
, 437
, 657
, 596
, 5905
, 4949
, 1414
, 3995
, 241
, 877
, 0
, 0
, 0
, 0
, 15
, 889
, 5758
, 6272
, 6108
, 952
, 5759
, 6149
, 585
, 25
, 21
, 26
, 1143
, 5772
, 70
, 5650
, 893
, 6116
, 5729
, 25
, 6298
, 6348
, 214
, 6489
, 5868
, 6281
, 6332
, 5762
, 5925
, 165
, 910
, 4853
, 5619
, 6439
, 5868
, 5628
, 259
, 48
, 5960
, 6135
, 512
, 22
, 704
, 324
, 0
, 0
, 0
, 6229
, 10
, 6445
, 6221
, 908
, 0
, 0
, 5669
, 6216
, 6
, 0
, 599
, 390
, 3447
, 714
, 6459
, 6232
, 134
, 51
, 19
, 16
, 727
, 6027
, 5917
, 57
, 6470
, 6488
, 267
, 8
, 119
, 6430
, 342
, 974
, 5674
, 186
, 5324
, 5869
, 5650
, 6124
, 542
, 1108
, 5996
, 6183
, 0
, 0
, 0
, 0
, 0
, 5476
, 6087
, 4
, 41
, 744
, 5651
, 4523
, 0
, 0
, 14
, 224
, 846
, 1493
, 478
, 554
, 5935
, 0
, 90
, 696
, 1662
, 1406
, 6392
, 6298
, 87
, 5900
, 525
, 2
, 0
, 457
, 6104
, 3286
, 6266
, 576
, 332
, 5188
, 65
, 6015
, 371
, 5936
, 16
, 6377
, 699
, 0
, 0
, 9
, 5656
, 405
, 6050
, 181
, 8
, 0
, 0
, 5624
, 994
, 0
, 14
, 453
, 5553
, 4272
, 960
, 5905
, 12
, 10
, 6397
, 4
, 0
, 2058
, 351
, 5959
, 6526
, 6103
, 6540
, 0
, 0
, 533
, 927
, 142
, 3595
, 79
, 272
, 5566
, 509
, 1791
, 1796
, 1108
, 888
, 4977
, 735
, 1321
, 22
, 0
, 0
, 0
, 0
, 438
, 3757
, 1255
, 581
, 637
, 0
, 17
, 0
, 15
, 539
, 5924
, 139
, 5821
, 6281
, 5638
, 6073
, 6202
, 5929
, 656
, 22
, 580
, 153
, 0
, 5864
, 5844
, 6211
, 5733
, 6176
, 6131
, 0
, 26
, 5542
, 1166
, 707
, 282
, 217
, 5836
, 82
, 6178
, 614
, 0
, 0
, 6375
, 607
, 0
, 6199
, 6235
, 137
, 6477
, 734
, 5804
, 6139
, 2305
, 980
, 609
, 0
, 6
, 5514
, 6283
, 6540
, 493
, 273
, 442
, 6112
, 6072
, 1
, 0
, 0
, 9
, 5720
, 6000
, 609
, 507
, 235
, 177
, 5775
, 1
, 201
, 6335
, 6461
, 1186
, 1364
, 6156
, 1200
, 650
, 2171
, 4740
, 72
, 172
, 191
, 0
, 0
, 0
, 0
, 5492
, 1653
, 5771
, 5677
, 0
, 0
, 0
, 0
, 14
, 776
, 420
, 296
, 911
, 700
, 5693
, 978
, 301
, 545
, 0
, 2
, 6258
, 679
, 0
, 492
, 6150
, 329
, 1034
, 374
, 6000
, 20
, 6457
, 4
, 1980
, 6463
, 409
, 831
, 5632
, 341
, 6011
, 290
, 1182
, 22
, 5802
, 1
, 0
, 6174
, 5
, 300
, 5665
, 5706
, 172
, 15
, 20
, 14
, 17
, 259
, 12
, 6434
, 6126
, 947
, 6426
, 280
, 563
, 565
, 0
, 11
, 0
, 16
, 1017
, 6184
, 410
, 77
, 47
, 503
, 357
, 244
, 254
, 5968
, 6375
, 402
, 16
, 2023
, 6231
, 4005
, 1155
, 496
, 174
, 323
, 335
, 0
, 0
, 0
, 0
, 5620
, 2259
, 6016
, 6279
, 0
, 0
, 165
, 26
, 18
, 46
, 1009
, 6467
, 5484
, 6446
, 622
, 5943
, 743
, 0
, 2
, 532
, 6496
, 6026
, 664
, 6141
, 5601
, 5896
, 450
, 483
, 184
, 0
, 439
, 1327
, 3477
, 189
, 913
, 6287
, 6351
, 6360
, 503
, 1538
, 10
, 9
, 176
, 262
, 0
, 5619
, 15
, 5603
, 5859
, 1058
, 0
, 0
, 4517
, 471
, 484
, 0
, 419
, 601
, 5913
, 2490
, 487
, 11
, 312
, 462
, 526
, 55
, 17
, 314
, 140
, 6236
, 281
, 23
, 453
, 6143
, 6514
, 6332
, 134
, 6419
, 635
, 678
, 1044
, 1375
, 1451
, 6448
, 1626
, 853
, 2079
, 5823
, 415
, 0
, 0
, 0
, 9
, 5844
, 1794
, 5675
, 17
, 665
, 0
, 2
, 0
, 1
, 6234
, 1290
, 6462
, 756
, 6076
, 539
, 219
, 675
, 307
, 130
, 407
, 608
, 5816
, 0
, 6132
, 5897
, 5579
, 1024
, 690
, 5762
, 18
, 6121
, 1563
, 748
, 823
, 2349
, 5474
, 539
, 5982
, 6437
, 0
, 25
, 5946
, 19
, 0
, 240
, 5546
, 181
, 709
, 570
, 0
, 0
, 2108
, 5728
, 19
, 24
, 383
, 679
, 748
, 1088
, 5141
, 9
, 14
, 5888
, 417
, 0
, 578
, 0
, 286
, 743
, 5858
, 6490
, 21
, 6160
, 144
, 25
, 652
, 1879
, 6036
, 5630
, 727
, 5988
, 5084
, 196
, 5994
, 3882
, 4465
, 6440
, 220
, 5173
, 0
, 0
, 0
, 0
, 345
, 5877
, 6385
, 6393
, 0
, 0
, 3
, 0
, 7
, 2145
, 5979
, 6107
, 330
, 886
, 701
, 363
, 351
, 265
, 596
, 4433
, 1134
, 148
, 189
, 5756
, 6400
, 865
, 6532
, 769
, 5771
, 15
, 10
, 6554
, 98
, 743
, 6516
, 968
, 5863
, 5586
, 665
, 6154
, 0
, 4
, 891
, 13
, 0
, 56
, 33
, 1028
, 362
, 6018
, 6247
, 17
, 2763
, 5886
, 749
, 0
, 114
, 75
, 1033
, 260
, 5831
, 6441
, 527
, 137
, 5589
, 6161
, 5938
, 2
, 6410
, 843
, 6234
, 5947
, 5587
, 1772
, 0
, 5889
, 5586
, 3067
, 438
, 58
, 5952
, 120
, 20
, 1995
, 906
, 498
, 1254
, 834
, 852
, 6155
, 5231
, 2
, 0
, 0
, 0
, 427
, 5091
, 10
, 0
, 0
, 0
, 25
, 221
, 19
, 6215
, 5577
, 788
, 2107
, 636
, 5899
, 258
, 598
, 5634
, 8
, 22
, 6097
, 6054
, 28
, 5501
, 721
, 639
, 697
, 0
, 104
, 342
, 20
, 997
, 6470
, 5547
, 5924
, 5516
, 928
, 320
, 219
, 411
, 0
, 22
, 312
, 2
, 0
, 585
, 423
, 5902
, 435
, 5677
, 18
, 0
, 24
, 255
, 226
, 24
, 235
, 656
, 5811
, 281
, 5714
, 5686
, 189
, 727
, 6
, 16
, 149
, 732
, 406
, 5816
, 6189
, 6445
, 2127
, 5518
, 6553
, 5661
, 432
, 5707
, 570
, 499
, 5663
, 2437
, 5985
, 1012
, 5827
, 4760
, 57
, 565
, 6271
, 12
, 0
, 0
, 26
, 721
, 1054
, 1288
, 0
, 0
, 930
, 4964
, 0
, 9
, 1130
, 5771
, 665
, 5647
, 434
, 1052
, 5586
, 189
, 13
, 179
, 216
, 6492
, 163
, 0
, 55
, 5887
, 901
, 389
, 5597
, 1087
, 5520
, 167
, 6476
, 6112
, 6273
, 3214
, 41
, 189
, 6285
, 5960
, 861
, 0
, 15
, 5490
, 127
, 0
, 760
, 540
, 6445
, 201
, 14
, 9
, 0
, 172
, 800
, 214
, 16
, 729
, 572
, 173
, 75
, 5990
, 658
, 229
, 463
, 5
, 22
, 567
, 376
, 6029
, 992
, 792
, 491
, 5510
, 1089
, 5650
, 6527
, 702
, 5879
, 6447
, 6451
, 0
, 6327
, 2645
, 586
, 475
, 306
, 845
, 112
, 6009
, 5279
, 0
, 0
, 0
, 0
, 6467
, 1614
, 2160
, 6
, 9
, 0
, 0
, 2
, 704
, 4428
, 1027
, 841
, 5652
, 5832
, 1075
, 96
, 6294
, 5347
, 266
, 3826
, 318
, 215
, 0
, 1028
, 436
, 233
, 5596
, 5925
, 6511
, 327
, 524
, 4778
, 3064
, 221
, 6007
, 5502
, 6330
, 6526
, 1011
, 6249
, 6
, 14
, 5697
, 25
, 0
, 483
, 606
, 6232
, 5565
, 5992
, 1024
, 16
, 832
, 5989
, 422
, 129
, 418
, 5958
, 765
, 387
, 6243
, 0
, 96
, 280
, 39
, 0
, 13
, 3301
, 6348
, 24
, 6304
, 79
, 6048
, 21
, 31
, 292
, 6056
, 6369
, 5708
, 186
, 661
, 874
, 5738
, 6154
, 6385
, 86
, 2661
, 4785
, 577
, 6439
, 5
, 0
, 0
, 9
, 6138
, 1350
, 5763
, 1034
, 754
, 0
, 0
, 0
, 5943
, 306
, 5912
, 1014
, 5967
, 351
, 41
, 6282
, 24
, 95
, 190
, 830
, 1055
, 0
, 958
, 1571
, 562
, 5979
, 5578
, 432
, 7
, 6478
, 4475
, 6499
, 356
, 5634
, 647
, 787
, 6539
, 900
, 189
, 0
, 2
, 6162
, 486
, 0
, 7
, 472
, 493
, 5938
, 6360
, 1994
, 177
, 4324
, 6486
, 0
, 660
, 708
, 5347
, 0
, 798
, 450
, 121
, 5952
, 5596
, 0
, 0
, 995
, 562
, 6323
, 116
, 5581
, 92
, 473
, 5545
, 760
, 3
, 1807
, 180
, 199
, 6004
, 631
, 2289
, 3258
, 6485
, 6154
, 1905
, 257
, 23
, 560
, 6
, 0
, 0
, 217
, 110
, 5512
, 5789
, 5663
, 960
, 115
, 0
, 74
, 26
, 255
, 702
, 5616
, 5755
, 5655
, 75
, 50
, 5836
, 22
, 1286
, 486
, 140
, 1107
, 692
, 6312
, 123
, 5739
, 739
, 6044
, 6284
, 5651
, 71
, 2839
, 5486
, 6100
, 5977
, 555
, 6423
, 98
, 567
, 5312
, 0
, 9
, 5690
, 3932
, 0
, 0
, 1881
, 0
, 880
, 183
, 1102
, 27
, 474
, 6380
, 0
, 0
, 595
, 6367
, 6313
, 6365
, 5831
, 1025
, 657
, 5646
, 341
, 0
, 533
, 180
, 332
, 5872
, 6344
, 205
, 6109
, 127
, 664
, 11
, 22
, 5738
, 767
, 192
, 434
, 2813
, 2111
, 2234
, 504
, 712
, 4310
, 787
, 647
, 24
, 0
, 0
, 1
, 145
, 597
, 4563
, 791
, 129
, 30
, 0
, 0
, 12
, 202
, 5834
, 3143
, 171
, 5616
, 6014
, 545
, 4658
, 708
, 1996
, 468
, 5527
, 365
, 170
, 655
, 6296
, 5538
, 931
, 6193
, 6382
, 225
, 1560
, 525
, 1840
, 879
, 598
, 5407
, 922
, 1309
, 360
, 270
, 0
, 22
, 6269
, 6
, 0
, 16
, 73
, 24
, 5994
, 6188
, 2891
, 658
, 107
, 21
, 456
, 0
, 735
, 245
, 159
, 5636
, 6363
, 324
, 174
, 764
, 6097
, 2
, 24
, 1007
, 61
, 6363
, 1074
, 5513
, 0
, 218
, 65
, 2517
, 121
, 4142
, 545
, 5748
, 594
, 4623
, 1395
, 554
, 2767
, 252
, 675
, 6022
, 151
, 5306
, 0
, 0
, 0
, 0
, 450
, 2975
, 5639
, 6340
, 679
, 5704
, 0
, 6483
, 0
, 9
, 5566
, 5710
, 5514
, 1170
, 3377
, 6160
, 735
, 5542
, 369
, 5804
, 25
, 1001
, 5707
, 6189
, 885
, 6233
, 24
, 808
, 491
, 619
, 5883
, 487
, 5223
, 4630
, 906
, 486
, 6172
, 308
, 5872
, 953
, 5794
, 0
, 13
, 5973
, 12
, 0
, 0
, 51
, 11
, 5511
, 959
, 273
, 0
, 1485
, 5874
, 0
, 0
, 313
, 5959
, 75
, 19
, 1067
, 705
, 613
, 957
, 6369
, 236
, 19
, 739
, 608
, 6292
, 6020
, 5687
, 6207
, 3936
, 788
, 878
, 92
, 4700
, 513
, 6017
, 5769
, 3
, 5392
, 237
, 1329
, 258
, 170
, 5918
, 4741
, 693
, 6149
, 0
, 0
, 0
, 0
, 763
, 5562
, 4522
, 329
, 91
, 508
, 0
, 10
, 670
, 0
, 144
, 6479
, 6321
, 6538
, 733
, 6325
, 151
, 898
, 406
, 1
, 6132
, 6365
, 5796
, 6299
, 5642
, 6402
, 5557
, 486
, 822
, 113
, 1
, 110
, 4300
, 4935
, 651
, 5894
, 1075
, 236
, 4
, 512
, 6361
, 0
, 20
, 398
, 0
, 0
, 0
, 387
, 441
, 6148
, 5802
, 941
, 410
, 0
, 361
, 24
, 6017
, 25
, 5966
, 0
, 2560
, 249
, 243
, 163
, 6450
, 221
, 0
, 5451
, 5546
, 119
, 5716
, 6199
, 943
, 646
, 641
, 6404
, 5924
, 296
, 5555
, 6474
, 512
, 614
, 5521
, 6530
, 611
, 342
, 5607
, 6486
, 354
, 7
, 6060
, 0
, 0
, 0
, 0
, 5975
, 6176
, 572
, 5669
, 122
, 19
, 358
, 0
, 10
, 19
, 19
, 3114
, 2857
, 5583
, 5762
, 402
, 6198
, 220
, 19
, 0
, 488
, 1034
, 0
, 476
, 6202
, 1317
, 5871
, 420
, 410
, 413
, 433
, 6248
, 4707
, 6451
, 850
, 14
, 6077
, 5859
, 1027
, 775
, 504
, 0
, 6085
, 318
, 664
, 0
, 0
, 1826
, 322
, 5690
, 8
, 0
, 0
, 0
, 187
, 591
, 6214
, 5894
, 319
, 13
, 337
, 693
, 108
, 6116
, 406
, 5581
, 24
, 0
, 626
, 542
, 41
, 5981
, 247
, 794
, 167
, 1029
, 994
, 700
, 5649
, 2239
, 6387
, 810
, 6030
, 753
, 6547
, 5390
, 356
, 6379
, 234
, 6336
, 1599
, 403
, 8
, 22
, 0
, 0
, 0
, 5843
, 5530
, 723
, 836
, 771
, 18
, 0
, 0
, 556
, 11
, 972
, 1144
, 4711
, 273
, 913
, 6372
, 6283
, 980
, 1
, 409
, 234
, 6469
, 308
, 939
, 1159
, 591
, 5997
, 228
, 959
, 1
, 21
, 22
, 437
, 408
, 5602
, 336
, 5718
, 6066
, 814
, 16
, 1015
, 11
, 20
, 6210
, 24
, 0
, 5
, 5706
, 966
, 5515
, 310
, 0
, 0
, 14
, 62
, 0
, 8
, 132
, 5839
, 137
, 5904
, 707
, 1085
, 11
, 6328
, 6092
, 0
, 0
, 6445
, 10
, 916
, 1009
, 142
, 640
, 520
, 5640
, 986
, 5116
, 21
, 426
, 2642
, 500
, 6335
, 5498
, 6221
, 966
, 154
, 168
, 5522
, 1824
, 982
, 25
, 929
, 41
, 1
, 0
, 0
, 734
, 1165
, 662
, 5839
, 5
, 6537
, 5785
, 678
, 0
, 0
, 22
, 2672
, 505
, 6474
, 5683
, 445
, 668
, 969
, 18
, 395
, 581
, 6257
, 5738
, 5968
, 6178
, 269
, 1089
, 6014
, 6540
, 5492
, 6494
, 6344
, 653
, 840
, 449
, 790
, 39
, 500
, 6093
, 6459
, 604
, 0
, 632
, 140
, 20
, 0
, 7
, 602
, 6462
, 6374
, 96
, 9
, 1668
, 14
, 5843
, 66
, 16
, 8
, 510
, 23
, 947
, 6427
, 5831
, 605
, 5732
, 475
, 5470
, 9
, 6096
, 0
, 6376
, 5719
, 833
, 370
, 5975
, 0
, 1043
, 983
, 2357
, 262
, 6196
, 88
, 680
, 870
, 2680
, 5534
, 3565
, 6
, 5949
, 3301
, 495
, 5806
, 10
, 0
, 0
, 0
, 1494
, 5580
, 2177
, 6531
, 199
, 5982
, 6093
, 15
, 10
, 26
, 15
, 144
, 420
, 2908
, 15
, 547
, 249
, 355
, 395
, 583
, 5737
, 143
, 5676
, 6353
, 911
, 699
, 5724
, 613
, 1014
, 580
, 3
, 1376
, 806
, 5468
, 93
, 6265
, 5949
, 5965
, 6321
, 5728
, 6282
, 493
, 12
, 573
, 5502
, 0
, 0
, 0
, 813
, 438
, 5736
, 5997
, 1
, 2138
, 997
, 180
, 6375
, 6
, 8
, 5718
, 58
, 984
, 218
, 68
, 61
, 1802
, 19
, 0
, 894
, 0
, 969
, 873
, 925
, 751
, 31
, 0
, 5619
, 6510
, 206
, 6127
, 5907
, 3688
, 6204
, 6532
, 2733
, 2980
, 5984
, 1164
, 6142
, 981
, 5478
, 0
, 0
, 0
, 0
, 0
, 1052
, 6145
, 866
, 6128
, 6307
, 6220
, 761
, 11
, 0
, 21
, 307
, 6224
, 876
, 5774
, 6143
, 355
, 5751
, 0
, 0
, 0
, 510
, 771
, 6020
, 0
, 230
, 956
, 1023
, 699
, 777
, 14
, 5
, 515
, 2146
, 3006
, 1084
, 6313
, 6159
, 4956
, 580
, 917
, 465
, 946
, 19
, 40
, 187
, 695
, 0
, 5
, 447
, 16
, 945
, 461
, 23
, 476
, 3226
, 5951
, 696
, 25
, 6038
, 5466
, 5624
, 6375
, 719
, 6181
, 623
, 67
, 12
, 4315
, 1
, 6445
, 5560
, 351
, 21
, 6291
, 0
, 5991
, 5742
, 5944
, 6449
, 710
, 6284
, 437
, 657
, 596
, 5905
, 4949
, 1414
, 3995
, 241
, 877
, 0
, 0
, 0
, 0
, 15
, 889
, 5758
, 6272
, 6108
, 952
, 5759
, 6149
, 585
, 25
, 21
, 26
, 1143
, 5772
, 70
, 5650
, 893
, 6116
, 5729
, 25
, 6298
, 6348
, 214
, 6489
, 5868
, 6281
, 6332
, 5762
, 5925
, 165
, 910
, 4853
, 5619
, 6439
, 5868
, 5628
, 259
, 48
, 5960
, 6135
, 512
, 22
, 704
, 324
, 0
, 0
, 0
, 6229
, 10
, 6445
, 6221
, 908
, 0
, 0
, 5669
, 6216
, 6
, 0
, 599
, 390
, 3447
, 714
, 6459
, 6232
, 134
, 51
, 19
, 16
, 727
, 6027
, 5917
, 57
, 6470
, 6488
, 267
, 8
, 119
, 6430
, 342
, 974
, 5674
, 186
, 5324
, 5869
, 5650
, 6124
, 542
, 1108
, 5996
, 6183
, 0
, 0
, 0
, 0
, 0
, 5476
, 6087
, 4
, 41
, 744
, 5651
, 4523
, 0
, 0
, 14
, 224
, 846
, 1493
, 478
, 554
, 5935
, 0
, 90
, 696
, 1662
, 1406
, 6392
, 6298
, 87
, 5900
, 525
, 2
, 0
, 457
, 6104
, 3286
, 6266
, 576
, 332
, 5188
, 65
, 6015
, 371
, 5936
, 16
, 6377
, 699
, 0
, 0
, 9
, 5656
, 405
, 6050
, 181
, 8
, 0
, 0
, 5624
, 994
, 0
, 14
, 453
, 5553
, 4272
, 960
, 5905
, 12
, 10
, 6397
, 4
, 0
, 2058
, 351
, 5959
, 6526
, 6103
, 6540
, 0
, 0
, 533
, 927
, 142
, 3595
, 79
, 272
, 5566
, 509
, 1791
